                      false_positive_rate  false_negative_rate
algorithm     clones                                          
allele_minima 3                  0.006944             0.000000
              5                  0.005235             0.012897
              10                 0.016353             0.049845
              30                 0.007305             0.067987
              50                 0.011146             0.161491
pairtree      3                  0.000000             0.006944
              5                  0.010292             0.006151
              10                 0.017920             0.050989
              30                 0.009204             0.088646
              50                 0.016072             0.288587
                                   false_positive_rate  false_negative_rate
algorithm     samples_over_clones                                          
allele_minima 0.17                            0.026245             0.266759
              0.33                            0.015681             0.131850
              0.50                            0.036349             0.132076
              0.83                            0.000913             0.007581
              1.00                            0.014208             0.028075
              1.67                            0.011905             0.000000
              2.00                            0.000000             0.000000
              2.50                            0.000000             0.000000
              3.33                            0.000000             0.000000
              5.00                            0.000000             0.000000
              8.33                            0.000000             0.000000
calder        0.50                            0.086041             0.233042
              1.00                            0.047860             0.205772
              1.67                            0.010417             0.166667
              2.00                            0.016132             0.238690
              2.50                            0.003411             0.188406
              3.33                            0.000000             0.250000
              5.00                            0.000000             0.290476
              8.33                            0.000000             0.333333
citup         0.50                            0.089532             0.314763
              1.00                            0.077358             0.218524
              1.67                            0.020833             0.000000
              2.00                            0.061752             0.139286
              2.50                            0.085233             0.337359
              3.33                            0.000000             0.000000
              5.00                            0.058974             0.147619
              8.33                            0.000000             0.000000
pairtree      0.17                            0.034613             0.301132
              0.33                            0.018533             0.186112
              0.50                            0.043813             0.129555
              0.83                            0.000700             0.016713
              1.00                            0.017634             0.020933
              1.67                            0.000060             0.014333
              2.00                            0.005556             0.000000
              2.50                            0.000000             0.000000
              3.33                            0.000000             0.000000
              5.00                            0.000000             0.000000
              8.33                            0.000000             0.000000
                                   false_positive_rate  false_negative_rate
algorithm     samples_over_clones                                          
allele_minima 0.10                            0.028186             0.411810
              0.17                            0.026245             0.266759
              0.20                            0.021276             0.298309
              0.33                            0.015681             0.131850
              0.50                            0.005905             0.092206
              0.83                            0.000913             0.007581
              1.00                            0.000326             0.004561
              1.67                            0.000000             0.000000
              2.00                            0.000036             0.000567
              3.33                            0.000000             0.000000
pairtree      0.10                            0.032293             0.440332
              0.17                            0.034613             0.301132
              0.20                            0.023865             0.364473
              0.33                            0.018533             0.186112
              0.50                            0.012368             0.252590
              0.83                            0.000700             0.016713
              1.00                            0.007373             0.208306
              1.67                            0.000140             0.005666
              2.00                            0.004460             0.177232
              3.33                            0.000000             0.000000
                       false_positive_rate  false_negative_rate
algorithm     samples                                          
allele_minima 5                   0.027216             0.339284
              10                  0.017919             0.198434
              25                  0.002910             0.041431
              50                  0.000130             0.001825
              100                 0.000014             0.000227
pairtree      5                   0.033453             0.370732
              10                  0.020739             0.259916
              25                  0.005367             0.111064
              50                  0.003033             0.086722
              100                 0.001911             0.075956
                       false_positive_rate  false_negative_rate
algorithm     samples                                          
allele_minima 5                   0.024296             0.056922
              10                  0.004237             0.005820
              25                  0.000000             0.000000
calder        5                   0.049211             0.200101
              10                  0.020226             0.233213
              25                  0.001137             0.270739
citup         5                   0.058797             0.141402
              10                  0.049331             0.152302
              25                  0.046453             0.154020
pairtree      5                   0.023045             0.056280
              10                  0.005168             0.007804
              25                  0.000000             0.000000
                      false_positive_rate  false_negative_rate
algorithm     clones                                          
allele_minima 3                  0.006944             0.000000
              5                  0.005235             0.012897
              10                 0.016353             0.049845
calder        3                  0.003472             0.250000
              5                  0.022436             0.243254
              10                 0.044666             0.210799
citup         3                  0.006944             0.000000
              5                  0.062678             0.134524
              10                 0.087605             0.325294
pairtree      3                  0.000000             0.006944
              5                  0.010292             0.006151
              10                 0.017920             0.050989
                           U_error   F_error
algorithm     clones                        
allele_minima 3       8.175926e-04  0.000409
              5       4.528544e-03  0.002788
              10      4.805753e-03  0.005697
calder        3       7.358035e-02  0.058118
              5       7.028953e-02  0.060181
              10      4.138551e-02  0.043786
citup         3       2.848148e-03  0.001424
              5       6.860657e-02  0.061411
              10      7.293950e-02  0.102678
pairtree      3       3.003039e-18  0.000000
              5       4.711989e-03  0.003017
              10      4.819058e-03  0.006562
                           U_error   F_error
algorithm     clones                        
allele_minima 3       8.175926e-04  0.000409
              5       4.528544e-03  0.002788
              10      4.805753e-03  0.005697
              30      3.446321e-03  0.004358
              50      4.824958e-03  0.007133
pairtree      3       3.003039e-18  0.000000
              5       4.711989e-03  0.003017
              10      4.819058e-03  0.006562
              30      4.334869e-03  0.005742
              50      9.731775e-03  0.013940
algorithm      clones
allele_minima  3         0.994444
               5         0.987312
               10        0.941839
calder         3         0.830556
               5         0.828531
               10        0.801399
citup          3         0.994444
               5         0.854878
               10        0.665109
pairtree       3         0.995370
               5         0.986908
               10        0.938988
Name: f1_score, dtype: float64
algorithm      clones
allele_minima  30        0.929717
               50        0.836763
pairtree       30        0.910447
               50        0.731885
Name: f1_score, dtype: float64
allele_minima    216
calder           216
pairtree         216
citup            211
Name: algorithm, dtype: int64
allele_minima    360
pairtree         357
Name: algorithm, dtype: int64
algorithm      samples
allele_minima  5          0.660299
               10         0.792382
               25         0.958268
               50         0.998072
               100        0.999773
pairtree       5          0.615708
               10         0.740712
               25         0.901615
               50         0.930655
               100        0.944057
Name: f1_score, dtype: float64
