402 510 440 383 524 614 417 448 433 536 321 559 171 121 664 430 496 179 434 421 325 377 424 329 76 314 285 157 225 567 287 504 440 378 509 560 585 201 328 186 265
374 383 367 269 471 505 302 426 381 397 223 401 141 87 532 401 319 132 437 427 280 274 447 217 75 265 191 151 249 518 276 484 408 172 445 541 566 141 242 169 294
442 371 417 307 501 581 353 462 431 461 238 453 172 84 573 480 352 130 444 473 248 352 482 253 80 268 230 150 253 578 310 508 451 190 450 560 603 152 284 171 301
224 242 237 198 253 325 187 202 211 229 140 284 82 51 306 228 182 61 251 241 156 180 250 153 17 127 133 67 131 273 126 241 204 79 232 257 326 103 139 90 159
167 197 183 142 245 285 171 214 186 206 112 226 67 37 295 222 165 62 228 202 148 170 197 147 21 116 128 74 121 251 133 246 217 80 204 235 294 75 126 69 150
180 239 205 150 252 301 160 205 238 234 140 252 85 41 318 224 203 68 279 233 129 184 253 160 27 126 120 75 127 278 142 260 221 90 259 273 292 88 131 82 159
186 219 224 135 225 270 167 220 194 247 118 245 88 24 296 208 199 88 258 200 111 166 201 144 31 127 109 64 123 263 125 265 213 88 262 278 298 65 153 89 145
201 240 219 154 215 289 181 233 213 218 139 304 71 40 309 202 196 72 253 226 146 178 229 146 27 128 113 73 110 261 158 246 210 89 228 258 312 81 134 83 163
225 235 239 177 268 306 188 246 244 235 125 238 97 43 332 227 191 69 268 252 164 215 250 163 25 137 129 78 127 304 141 282 237 111 255 313 340 134 121 90 147
208 227 221 167 266 280 171 217 212 256 150 256 84 43 307 231 192 63 264 226 154 195 208 160 24 130 129 68 142 268 150 255 251 99 262 266 318 100 138 93 149
251 237 235 187 312 308 206 263 284 279 159 283 119 55 344 248 211 76 298 223 160 189 238 182 13 129 159 97 141 308 163 283 288 126 302 324 384 112 164 116 183
238 240 255 190 293 392 199 253 236 290 159 279 66 47 375 249 200 56 284 269 146 205 296 155 8 141 142 80 126 347 147 312 238 100 315 330 411 75 185 94 231
246 277 271 142 265 405 180 279 262 299 147 324 83 43 406 259 192 62 281 270 146 222 277 147 5 143 151 76 116 382 133 360 275 89 320 362 405 85 177 89 183
261 250 253 183 330 368 233 267 268 288 148 324 86 39 431 274 198 64 299 291 146 230 263 177 12 163 169 85 150 365 134 347 276 108 344 348 400 86 188 89 205
181 266 259 175 278 388 178 269 284 280 150 302 93 39 382 247 208 45 285 297 158 235 284 180 18 110 149 68 140 377 163 320 255 98 317 330 412 102 183 98 208
228 265 289 167 291 371 164 278 281 297 163 332 92 44 394 249 197 61 292 293 143 224 262 160 9 143 146 71 118 365 173 323 261 87 321 362 396 77 187 95 208
254 258 269 189 316 362 176 264 260 273 152 341 88 38 415 273 224 61 323 313 181 218 254 163 11 138 110 84 116 354 161 353 278 110 335 336 373 108 167 88 226
237 279 282 192 314 388 198 297 277 308 166 333 74 44 384 225 195 60 260 296 171 202 288 194 3 143 138 97 143 373 168 334 262 101 350 321 413 109 174 100 185
265 296 289 186 319 461 204 313 304 310 165 350 103 59 404 285 244 63 368 268 169 228 302 182 3 175 137 69 141 408 147 371 323 117 331 385 450 173 223 87 229
271 275 280 199 349 445 193 287 307 313 159 312 107 57 415 286 258 68 338 343 177 230 303 178 9 149 144 90 151 389 169 390 316 96 363 398 446 78 220 91 218
225 216 224 138 287 331 184 237 270 251 144 262 69 35 351 254 193 63 266 260 150 183 260 177 6 130 133 72 107 358 137 273 244 90 273 326 348 163 171 94 182
199 226 198 142 268 286 135 226 220 204 89 259 85 24 271 193 161 48 216 207 116 156 211 145 8 105 95 44 114 288 104 269 217 83 236 273 286 77 136 70 155
183 215 205 159 288 310 137 190 211 222 121 237 75 37 320 193 156 50 251 237 131 196 202 108 9 111 111 62 102 298 123 237 202 80 274 286 313 62 146 89 161
201 188 190 130 235 300 157 211 225 218 97 261 59 39 326 212 151 52 249 207 132 159 189 123 5 96 109 64 107 302 132 270 221 86 257 280 306 64 165 66 151
233 245 233 175 272 378 196 268 243 239 135 299 79 38 372 243 187 60 238 254 134 190 211 166 9 141 120 71 124 327 143 318 231 79 293 305 386 81 148 89 205
195 193 194 145 253 294 163 218 208 243 125 254 60 37 303 200 158 50 254 211 113 189 204 134 11 117 133 62 113 270 117 275 199 75 251 286 315 63 146 80 177
236 233 243 168 288 356 170 238 239 241 142 285 75 41 346 254 184 48 274 271 139 205 243 164 9 145 118 67 124 318 143 293 218 87 291 333 369 74 174 85 177
247 255 282 194 303 385 203 260 249 289 177 311 101 47 422 260 209 60 334 258 147 212 296 187 13 166 144 86 135 350 133 282 263 100 305 366 416 101 204 91 206
202 219 248 168 266 332 135 233 240 233 115 265 74 38 342 220 188 62 263 223 133 181 220 136 13 120 119 51 102 319 146 311 254 94 269 317 336 189 139 84 189
224 249 260 180 275 327 195 221 240 240 140 296 92 53 367 242 199 57 276 261 154 210 256 145 23 96 120 74 146 340 137 268 237 106 293 291 342 172 172 104 203
538 642 532 531 722 800 489 593 570 629 345 685 200 143 773 555 543 285 663 565 398 450 609 415 96 370 327 198 289 681 379 671 575 428 630 669 817 273 391 233 349
256 271 262 201 338 336 208 270 247 310 128 227 99 63 383 297 255 81 265 318 177 231 321 177 45 169 137 83 160 335 150 299 260 118 310 363 389 103 183 106 187
208 264 255 183 279 325 183 252 250 270 156 251 93 34 368 270 169 72 290 252 157 202 261 162 20 148 141 57 130 274 151 274 207 95 318 325 378 72 153 79 167
179 213 249 156 280 294 185 239 279 238 135 271 98 57 321 260 192 83 257 267 161 213 265 171 19 120 110 76 157 275 137 266 220 93 317 257 365 86 153 95 200
236 256 262 215 296 328 230 215 285 263 138 290 112 49 350 257 231 79 318 290 152 225 243 163 19 117 151 74 162 320 136 302 255 130 319 278 364 78 154 110 212
270 281 272 184 288 351 200 258 276 269 143 254 109 59 357 270 213 77 300 300 188 220 271 170 19 134 138 90 153 319 155 314 270 116 328 323 426 95 168 91 189
231 265 265 192 246 309 180 219 289 244 113 270 90 41 369 248 222 75 280 226 142 200 260 169 15 150 136 76 155 302 154 312 244 96 265 305 381 117 157 91 178
197 213 236 166 244 304 186 209 250 219 117 238 77 43 315 242 179 65 263 228 144 175 240 146 12 130 124 68 136 258 139 242 220 91 256 249 322 71 136 77 164
216 247 262 200 265 358 235 236 252 257 113 285 89 48 311 258 215 81 292 220 166 233 284 180 24 125 130 84 168 287 149 292 253 110 289 284 362 80 142 112 177
181 204 227 208 260 293 164 210 244 241 137 262 82 47 311 251 182 70 273 201 161 168 214 122 10 126 127 85 128 250 156 260 194 104 273 245 350 99 123 92 145
228 263 256 186 250 318 179 237 261 232 128 290 106 56 351 253 194 72 317 278 158 197 241 154 17 137 138 68 139 278 136 286 234 122 296 324 417 81 147 108 174
205 275 296 216 312 344 207 251 277 298 149 269 123 57 367 309 229 80 347 267 141 246 304 192 22 157 185 100 178 367 190 292 277 129 307 345 453 101 159 111 245
228 265 273 219 296 370 218 231 272 284 138 283 108 56 408 262 228 62 330 310 153 230 276 181 23 147 177 83 147 314 156 311 218 125 336 339 422 97 144 111 206
220 236 226 170 267 322 202 204 238 236 113 224 86 51 364 244 179 67 265 285 161 237 232 136 15 105 107 64 131 279 122 278 248 83 250 287 332 82 141 89 171
201 245 248 170 276 327 198 214 250 244 156 234 91 64 338 274 228 77 299 254 178 224 266 159 32 145 136 68 156 298 136 282 227 127 286 291 374 100 152 97 190
221 241 253 193 277 333 214 244 281 259 124 303 95 38 379 265 215 71 269 228 136 148 277 160 10 138 150 77 160 312 134 284 229 101 296 335 353 80 156 110 192
228 262 244 183 270 320 217 253 295 299 170 289 101 44 378 300 225 68 301 257 149 214 304 180 21 151 126 87 156 294 144 295 254 122 323 337 371 93 160 94 204
237 280 286 199 312 386 203 264 287 276 152 342 96 47 386 299 218 78 283 252 165 220 313 180 35 172 170 93 169 341 182 323 284 129 326 341 392 107 193 103 212
192 224 238 150 250 328 202 212 227 225 128 251 90 46 347 210 174 69 251 213 136 163 226 149 30 147 123 73 123 244 134 246 225 82 277 290 331 83 146 78 170
220 263 244 179 275 316 187 240 232 266 119 287 93 47 301 228 211 72 253 237 168 188 272 150 22 150 147 75 127 271 137 269 200 93 282 282 350 79 172 98 159
153 209 184 124 209 235 147 182 182 203 108 220 75 50 243 208 162 46 206 161 109 156 194 135 25 118 91 53 122 203 120 232 188 87 206 244 272 74 116 57 142
204 208 231 179 249 289 178 236 237 223 115 278 84 42 312 252 211 61 276 232 140 177 238 139 22 129 116 67 127 278 149 278 235 112 247 277 299 75 132 89 161
171 217 219 144 246 260 161 201 211 237 128 238 100 47 293 219 192 48 263 232 136 180 212 132 20 130 114 65 130 246 127 242 213 93 216 265 331 97 118 79 180
232 275 315 204 271 349 232 262 288 289 166 310 107 49 397 286 233 81 295 294 177 244 288 198 12 161 138 92 160 353 151 308 241 92 314 319 421 94 161 96 194
274 271 278 236 346 434 227 285 299 304 156 324 87 46 412 291 258 77 319 303 192 250 292 209 31 177 162 104 175 320 176 359 292 121 313 344 418 120 160 105 201
265 290 291 229 271 362 209 265 283 284 181 335 123 49 380 298 241 73 341 231 159 209 266 176 28 149 176 84 158 366 181 354 260 100 346 355 437 102 175 99 179
249 269 273 200 302 356 180 264 269 315 115 306 120 51 377 286 245 78 325 261 190 209 275 186 35 166 165 79 171 356 193 373 270 108 323 336 372 108 186 111 199
330 301 301 176 318 404 221 323 280 331 160 354 88 59 448 285 230 65 339 292 194 255 337 186 17 158 150 80 172 432 181 369 321 114 390 395 483 87 206 106 217
313 332 353 259 380 467 270 356 361 422 196 440 151 71 502 351 292 80 351 343 233 288 391 229 34 204 197 100 195 399 218 410 330 157 411 458 496 125 239 147 235
225 222 210 184 270 304 154 238 231 229 159 286 82 53 318 249 189 62 271 243 165 179 248 162 20 146 112 86 138 281 175 258 243 85 146 314 350 78 156 83 166
339 340 362 250 411 496 237 371 388 385 210 400 125 68 525 327 296 106 393 369 227 323 390 233 40 218 196 103 219 469 210 426 347 146 381 440 484 115 236 132 251
244 200 261 199 300 335 226 261 287 299 158 293 91 59 380 274 184 82 293 293 168 253 293 174 27 147 142 71 139 304 151 268 256 116 302 303 383 102 163 106 168
251 270 242 200 285 446 187 277 260 319 168 344 108 46 378 282 210 78 269 311 144 218 286 163 28 142 165 69 116 359 153 367 270 103 310 309 368 111 176 98 192
247 275 229 198 281 394 171 300 272 260 191 299 101 60 353 298 210 80 248 245 168 194 265 188 22 188 160 75 128 357 175 340 288 99 280 390 370 94 167 90 188
185 222 242 133 258 353 160 211 225 261 170 268 95 41 297 264 176 57 225 263 152 187 221 177 9 133 145 87 135 308 151 295 209 95 291 307 369 104 139 90 141
216 239 245 175 279 376 190 244 269 280 139 333 117 52 361 274 211 75 272 289 159 205 250 165 18 137 169 83 145 287 167 321 278 114 306 362 386 94 187 76 181
213 234 217 174 273 364 164 257 241 248 149 281 77 46 313 289 196 64 276 268 142 192 250 155 20 152 124 84 121 318 138 278 240 108 273 289 349 95 176 103 172
192 215 216 175 242 316 169 249 234 244 152 270 91 44 290 207 172 56 242 254 137 189 269 155 17 119 131 79 112 273 132 265 223 97 274 296 315 138 152 89 143
211 222 203 139 249 326 157 276 258 243 147 310 82 48 363 257 201 73 238 237 121 169 266 134 36 161 144 86 143 309 164 301 215 93 265 304 312 88 166 92 165
227 257 233 166 299 331 154 235 231 214 145 264 79 55 301 229 166 56 220 252 132 189 251 143 25 144 137 85 127 314 137 264 227 104 279 293 336 91 158 65 137
211 199 226 163 256 305 151 238 219 247 143 267 102 39 287 245 162 71 211 241 158 186 235 140 28 121 110 77 131 284 147 295 233 108 243 283 295 76 120 94 147
215 227 202 160 268 321 179 247 218 253 120 278 84 38 302 215 171 62 202 240 136 199 234 145 22 139 139 71 131 293 143 259 205 69 248 278 344 87 144 86 140
213 204 237 158 270 323 185 224 235 251 143 260 82 45 313 225 194 62 226 224 150 168 230 134 28 128 146 96 99 290 140 280 236 82 285 307 321 79 136 97 174
191 225 207 166 277 300 197 223 213 210 137 261 95 45 308 221 196 71 208 241 135 176 238 137 8 134 127 92 131 293 148 269 232 97 230 315 329 102 149 96 172
238 206 210 164 263 330 154 236 224 206 121 260 86 53 302 228 191 56 237 223 142 164 208 157 20 113 129 91 114 271 115 259 218 111 249 291 297 69 131 72 158
203 244 263 180 284 363 199 290 271 281 157 315 106 60 361 270 218 73 280 249 152 215 283 169 28 160 135 91 153 325 141 324 260 106 299 324 361 96 151 85 176
186 235 201 172 253 301 169 237 201 231 130 268 81 45 310 217 180 63 234 221 140 179 242 153 12 127 113 55 123 258 128 262 221 87 272 277 287 85 128 74 165
202 198 218 160 218 292 158 224 191 204 147 252 67 51 343 218 180 55 253 217 120 189 227 132 24 125 126 64 132 321 142 228 232 94 243 272 293 145 137 83 150
184 237 198 171 222 306 167 204 226 221 106 209 87 42 314 224 172 65 223 238 123 167 224 156 26 113 110 70 106 266 134 250 224 91 275 279 318 66 139 82 143
193 193 175 126 239 323 154 219 222 240 145 240 63 36 282 240 167 66 212 232 107 180 222 146 20 111 127 69 100 266 138 251 194 79 249 266 287 146 153 64 131
224 190 215 158 260 318 194 248 224 246 146 267 82 30 290 251 170 62 241 241 152 170 227 153 14 132 116 76 140 273 140 253 232 90 254 279 314 94 148 71 170
175 168 194 144 234 266 146 211 226 232 123 237 77 25 258 170 140 59 191 187 124 151 186 119 10 126 113 59 112 222 110 216 185 89 213 262 289 49 110 59 142
264 272 271 202 330 358 205 265 269 281 171 318 89 68 390 302 230 78 299 318 178 244 296 160 18 171 178 79 149 345 195 340 251 106 340 397 404 103 193 100 204
138 165 173 138 222 297 116 205 197 176 108 199 72 26 236 171 160 38 203 214 98 143 196 113 18 120 117 62 109 218 116 239 179 73 242 224 257 81 112 56 127
197 183 150 155 222 260 129 220 193 190 120 203 79 34 241 197 168 50 211 191 115 146 195 126 17 118 130 63 92 234 103 245 202 71 228 233 236 58 119 69 131
226 223 209 163 222 295 146 256 205 210 146 257 85 31 269 212 184 53 231 233 114 172 226 141 17 122 127 73 116 267 137 266 231 98 260 271 299 71 144 77 153
209 202 205 149 265 308 147 244 232 256 153 264 96 37 296 236 162 66 219 237 127 164 197 142 17 131 135 75 112 279 149 272 208 89 270 273 306 164 143 70 130
288 317 300 219 348 393 240 314 283 343 187 350 110 68 391 297 234 88 319 318 186 224 341 221 24 199 177 101 185 405 204 335 329 131 330 376 410 217 212 117 184
209 206 203 152 225 280 169 186 193 207 138 259 70 49 259 182 157 58 211 187 134 175 223 137 6 122 106 78 119 272 120 235 179 103 211 249 283 79 138 89 120
251 275 272 162 294 363 167 269 250 296 184 305 96 63 347 251 221 87 291 277 170 211 276 182 5 138 151 80 140 336 154 327 273 122 287 329 353 113 156 123 179
