1.0000 0.5313 0.4851 0.4854 0.4469 0.4751 0.4268 0.4727 1.0000 0.5219 0.4704 0.5054 0.4733 0.4888 0.0995 0.1200 0.0288 0.0345 0.0000 0.0020 0.0000 0.0000 0.0000 0.0000 0.0000 0.0000 0.0020 0.0000 0.0000 0.0000 0.0000 0.0000 0.3750 0.4000 0.2769 0.2696 0.0000 0.0000 0.0000 0.6006
1.0000 0.4214 0.4509 0.3759 0.4167 0.4450 0.4570 0.4412 0.9172 0.1916 0.2428 0.2089 0.1847 0.2066 0.0000 0.0214 0.0033 0.0000 0.0000 0.0000 0.0000 0.0000 0.0000 0.0000 0.0000 0.0000 0.0000 0.0000 0.0000 0.0000 0.0000 0.0000 0.0470 0.0924 0.0020 0.0000 0.0000 0.0000 0.0000 0.0000
1.0000 0.5276 0.4859 0.4651 0.4077 0.4567 0.4800 0.5055 0.9825 0.1740 0.1935 0.1643 0.1537 0.1883 0.0000 0.0121 0.0000 0.0000 0.0000 0.0000 0.0000 0.0000 0.0000 0.0000 0.0000 0.0000 0.0000 0.0037 0.0000 0.0000 0.0000 0.0000 0.0498 0.0435 0.0000 0.0000 0.0000 0.0000 0.0000 0.0000
1.0000 0.5176 0.5109 0.4512 0.5574 0.4398 0.5075 0.5196 1.0000 0.5213 0.4841 0.4708 0.4466 0.4802 0.0223 0.0513 0.0000 0.0056 0.0000 0.0041 0.0042 0.0000 0.0000 0.0065 0.0226 0.0000 0.0000 0.0000 0.0000 0.0000 0.0000 0.0000 0.4040 0.5191 0.0031 0.0000 0.0000 0.0000 0.0000 0.0647
1.0000 0.4602 0.4757 0.4776 0.4032 0.4406 0.5135 0.4793 1.0000 0.5054 0.5038 0.5064 0.4408 0.4720 0.0000 0.0811 0.0000 0.0000 0.0000 0.0000 0.0000 0.0000 0.0000 0.0000 0.0000 0.0000 0.0000 0.0000 0.0000 0.0000 0.0000 0.0000 0.4975 0.4215 0.0000 0.0000 0.0000 0.0000 0.0000 0.0397
1.0000 0.4325 0.4402 0.4588 0.4265 0.4721 0.4400 0.5656 1.0000 0.5084 0.5211 0.4982 0.4762 0.4878 0.0111 0.0233 0.0000 0.0000 0.0071 0.0000 0.0000 0.0000 0.0000 0.0000 0.0083 0.0000 0.0000 0.0000 0.0000 0.0000 0.0000 0.0000 0.5059 0.3937 0.0033 0.0000 0.0000 0.0000 0.0000 0.0000
1.0000 0.5184 0.4372 0.5682 0.3864 0.5400 0.5469 0.4836 1.0000 0.4897 0.5840 0.4712 0.4578 0.4909 0.0054 0.0270 0.0060 0.0000 0.0000 0.0000 0.0000 0.0076 0.0000 0.0000 0.0000 0.0000 0.0000 0.0000 0.0000 0.0000 0.0000 0.0000 0.5572 0.4146 0.0000 0.0000 0.0000 0.0000 0.0000 0.0000
1.0000 0.4836 0.5092 0.4930 0.4306 0.4735 0.5342 0.4429 1.0000 0.5305 0.5253 0.4690 0.5395 0.5064 0.0000 0.0274 0.0000 0.0000 0.0000 0.0000 0.0046 0.0000 0.0000 0.0068 0.0000 0.0000 0.0000 0.0000 0.0000 0.0000 0.0000 0.0000 0.5240 0.5182 0.0000 0.0000 0.0000 0.0000 0.0000 0.0075
1.0000 0.4370 0.4936 0.5361 0.3768 0.4683 0.4487 0.4051 1.0000 0.5123 0.5035 0.5272 0.4701 0.5081 0.1333 0.2012 0.0053 0.0000 0.0000 0.0000 0.0000 0.0000 0.0000 0.0000 0.0000 0.0000 0.0000 0.0000 0.0000 0.0000 0.0000 0.0000 0.3440 0.2835 0.0033 0.0037 0.0000 0.0000 0.0000 0.0000
1.0000 0.5117 0.4609 0.4167 0.4127 0.4646 0.5588 0.4462 1.0000 0.4387 0.5400 0.4699 0.5150 0.5069 0.3606 0.3766 0.0000 0.0000 0.0000 0.0044 0.0045 0.0000 0.0000 0.0000 0.0000 0.0000 0.0000 0.0077 0.0000 0.0000 0.0000 0.0000 0.1250 0.0986 0.0036 0.0000 0.0000 0.0000 0.0000 0.0072
1.0000 0.5088 0.4946 0.5126 0.4342 0.5022 0.4742 0.4340 1.0000 0.4789 0.4601 0.4969 0.5545 0.5057 0.0000 0.0187 0.0000 0.0106 0.0063 0.0000 0.0000 0.0000 0.0000 0.0000 0.0000 0.0000 0.0000 0.0000 0.0000 0.0000 0.0000 0.0000 0.4706 0.4539 0.0032 0.0000 0.0000 0.0000 0.0000 0.8720
1.0000 0.5090 0.5414 0.4242 0.5714 0.5167 0.4750 0.4706 1.0000 0.5000 0.4966 0.4606 0.4778 0.5178 0.0168 0.0479 0.0050 0.0049 0.0000 0.0000 0.0000 0.0000 0.0000 0.0000 0.0000 0.0000 0.0000 0.0000 0.0000 0.0000 0.0000 0.0000 0.4223 0.4127 0.0077 0.0000 0.0000 0.0000 0.0000 0.0054
1.0000 0.5000 0.4950 0.5422 0.4516 0.4741 0.5263 0.5018 1.0000 0.4962 0.4887 0.5166 0.4868 0.4946 0.0000 0.0205 0.0000 0.0000 0.0000 0.0000 0.0037 0.0000 0.0000 0.0000 0.0000 0.0000 0.0000 0.0000 0.0000 0.0000 0.0000 0.0000 0.5126 0.4397 0.0000 0.0000 0.0000 0.0000 0.0000 0.0000
1.0000 0.4691 0.4826 0.4884 0.4531 0.5189 0.5647 0.5181 1.0000 0.5112 0.5075 0.5000 0.4758 0.5356 0.0000 0.0479 0.0000 0.0000 0.0000 0.0040 0.0000 0.0000 0.0000 0.0000 0.0118 0.0000 0.0000 0.0061 0.0000 0.0000 0.0000 0.0000 0.4487 0.4400 0.0000 0.0000 0.0000 0.0000 0.0000 0.0000
1.0000 0.4801 0.4643 0.5699 0.3556 0.5084 0.5147 0.4706 1.0000 0.5141 0.5031 0.5121 0.5108 0.4572 0.1492 0.2658 0.0056 0.0000 0.0000 0.0038 0.0039 0.0000 0.0000 0.0000 0.0000 0.0000 0.0000 0.0000 0.0000 0.0000 0.0000 0.0000 0.2500 0.2286 0.0052 0.0000 0.0000 0.0000 0.0000 0.0000
1.0000 0.5151 0.4882 0.5000 0.4918 0.5358 0.5070 0.4943 1.0000 0.4947 0.5029 0.5055 0.5292 0.4712 0.0175 0.0420 0.0122 0.0312 0.0000 0.0000 0.0484 0.0192 0.0000 0.0000 0.0000 0.0000 0.0000 0.0070 0.0000 0.0000 0.0000 0.0000 0.4198 0.4576 0.0000 0.0000 0.0000 0.0000 0.0000 0.0000
1.0000 0.4340 0.4505 0.5455 0.5902 0.4952 0.5833 0.4640 1.0000 0.5192 0.5155 0.5387 0.4905 0.4848 0.4213 0.5028 0.5170 0.1376 0.0000 0.0000 0.0000 0.0000 0.0000 0.0000 0.0000 0.0000 0.0000 0.0000 0.0000 0.0000 0.0000 0.0000 0.0118 0.0172 0.0000 0.0000 0.0000 0.0000 0.0000 0.0299
1.0000 0.4715 0.4773 0.5000 0.3833 0.4696 0.5258 0.4924 1.0000 0.5235 0.5060 0.5732 0.4873 0.4444 0.2321 0.2982 0.0000 0.0000 0.0000 0.0000 0.0000 0.0000 0.0000 0.0000 0.0000 0.0000 0.0000 0.0000 0.0000 0.0000 0.0000 0.0000 0.1736 0.1678 0.0077 0.0000 0.0000 0.0000 0.0000 0.0977
1.0000 0.5171 0.4968 0.5146 0.5079 0.4403 0.5942 0.4985 1.0000 0.4901 0.4694 0.4883 0.5204 0.4633 0.0000 0.0237 0.0000 0.0000 0.0000 0.0000 0.0000 0.0000 0.0000 0.0000 0.0000 0.0000 0.0000 0.0000 0.0000 0.0000 0.0000 0.0000 0.5033 0.4397 0.0022 0.0000 0.0000 0.0000 0.0000 0.0000
1.0000 0.4038 0.4026 0.5888 0.5441 0.5044 0.5667 0.4082 1.0000 0.4821 0.4970 0.4724 0.4556 0.5157 0.0849 0.1073 0.0104 0.0043 0.0000 0.0036 0.0000 0.0000 0.0000 0.0000 0.0000 0.0000 0.0000 0.0000 0.0000 0.0000 0.0000 0.0000 0.3465 0.3377 0.0135 0.0059 0.0000 0.0000 0.0000 0.0045
1.0000 0.4733 0.4781 0.4493 0.4286 0.5038 0.4861 0.5205 1.0000 0.5111 0.4964 0.5491 0.4739 0.4937 0.0000 0.0600 0.0000 0.0000 0.0000 0.0000 0.0000 0.0000 0.0000 0.0000 0.0075 0.0000 0.0000 0.0000 0.0000 0.0000 0.0000 0.0000 0.4654 0.5047 0.0030 0.0000 0.0000 0.0000 0.0000 0.0000
1.0000 0.5290 0.5147 0.4118 0.3958 0.4444 0.5682 0.4839 1.0000 0.4909 0.4808 0.4615 0.4776 0.4292 0.3970 0.3793 0.2963 0.3141 0.0000 0.0000 0.0000 0.0000 0.0000 0.0000 0.0000 0.0000 0.0000 0.0000 0.0000 0.0000 0.0000 0.0000 0.1327 0.0965 0.0385 0.0972 0.0000 0.0000 0.0000 0.1250
1.0000 0.4557 0.4730 0.4800 0.4000 0.4641 0.5000 0.4406 1.0000 0.5355 0.5447 0.4895 0.4861 0.4789 0.4809 0.3969 0.4526 0.4133 0.0000 0.0047 0.0000 0.0000 0.0000 0.0000 0.0000 0.0000 0.0000 0.0000 0.0000 0.0000 0.0000 0.0000 0.0446 0.0196 0.0032 0.0040 0.0000 0.0000 0.0000 0.0000
1.0000 0.4789 0.5000 0.5424 0.5385 0.4638 0.5781 0.5249 1.0000 0.4089 0.5682 0.4893 0.4596 0.4739 0.0000 0.0303 0.0064 0.0000 0.0000 0.0000 0.0000 0.0000 0.0000 0.0000 0.0000 0.0000 0.0000 0.0104 0.0000 0.0000 0.0000 0.0000 0.5397 0.3458 0.0000 0.0040 0.0000 0.0000 0.0000 0.0182
1.0000 0.4849 0.4561 0.4684 0.5000 0.4606 0.4225 0.4719 1.0000 0.5556 0.4965 0.4295 0.4632 0.4813 0.0000 0.0224 0.0000 0.0000 0.0000 0.0000 0.0000 0.0000 0.0000 0.0000 0.0000 0.0000 0.0000 0.0071 0.0000 0.0000 0.0000 0.0000 0.4834 0.4919 0.0000 0.0000 0.0000 0.0000 0.0000 1.0000
1.0000 0.5276 0.4321 0.5833 0.6400 0.4645 0.3871 0.5327 1.0000 0.5577 0.5128 0.4545 0.5059 0.4587 0.0000 0.0177 0.0061 0.0000 0.0000 0.0000 0.0000 0.0000 0.0000 0.0000 0.0000 0.0000 0.0000 0.0000 0.0000 0.0000 0.0000 0.0000 0.4510 0.5044 0.0034 0.0000 0.0000 0.0000 0.0000 0.0000
1.0000 0.4912 0.4938 0.4400 0.3958 0.4723 0.5075 0.4541 1.0000 0.4770 0.5455 0.4925 0.5243 0.5126 0.0000 0.0504 0.0000 0.0000 0.0000 0.0000 0.0000 0.0000 0.0000 0.0000 0.0000 0.0000 0.0000 0.0000 0.0000 0.0000 0.0000 0.0000 0.4897 0.3790 0.0000 0.0000 0.0000 0.0000 0.0000 0.0000
1.0000 0.4823 0.5121 0.4455 0.4667 0.4574 0.6512 0.4335 1.0000 0.4538 0.4887 0.4617 0.4257 0.5385 0.0000 0.0340 0.0000 0.0000 0.0000 0.0000 0.0035 0.0000 0.0000 0.0000 0.0000 0.0000 0.0000 0.0000 0.0000 0.0000 0.0000 0.0000 0.4831 0.5111 0.5273 0.4461 0.0000 0.0000 0.0000 1.0000
1.0000 0.4981 0.4764 0.4324 0.4355 0.4529 0.4902 0.4882 1.0000 0.4875 0.5205 0.4574 0.4812 0.5322 0.0000 0.0451 0.0000 0.0000 0.0000 0.0000 0.0040 0.0000 0.0000 0.0000 0.0000 0.0000 0.0000 0.0000 0.0000 0.0000 0.0000 0.0000 0.4500 0.4216 0.0030 0.0000 0.0000 0.0000 0.0000 0.0000
1.0000 0.5473 0.4958 0.4022 0.4737 0.4789 0.5270 0.4768 1.0000 0.5458 0.5328 0.5498 0.5273 0.4751 0.5045 0.4935 0.0000 0.0000 0.0000 0.0040 0.0000 0.0000 0.0000 0.0000 0.0000 0.0000 0.0000 0.0000 0.0000 0.0000 0.0000 0.0000 0.0039 0.0000 0.0000 0.0000 0.0000 0.0000 0.0000 0.0000
1.0000 0.4818 0.4817 0.5500 0.4386 0.5186 0.4444 0.4870 1.0000 0.4789 0.4591 0.4813 0.5069 0.4536 0.5149 0.4497 0.5276 0.5044 0.4986 0.4953 0.4756 0.4816 0.0960 0.1036 0.1070 0.0789 0.0976 0.1324 0.0611 0.1259 0.0794 0.0746 0.0000 0.0000 0.0000 0.0000 0.0613 0.0355 0.0623 0.0026
1.0000 0.5066 0.4710 0.5051 0.4444 0.4088 0.4337 0.5462 0.9906 0.4737 0.4667 0.4848 0.5089 0.4519 0.4258 0.4407 0.4808 0.4675 0.3281 0.4834 0.5305 0.5254 0.0697 0.0621 0.0730 0.0392 0.0588 0.0888 0.0368 0.0476 0.0424 0.0323 0.0000 0.0000 0.0030 0.0000 0.0640 0.0566 0.0291 0.0000
1.0000 0.5339 0.5519 0.5699 0.5972 0.4603 0.5088 0.5121 1.0000 0.4640 0.5430 0.4708 0.4767 0.5317 0.5288 0.4395 0.4590 0.4752 0.5128 0.5227 0.5412 0.4927 0.2186 0.3395 0.2979 0.1957 0.0355 0.0135 0.0000 0.0000 0.0000 0.0031 0.0000 0.0000 0.0000 0.0000 0.0000 0.0026 0.0000 0.0000
1.0000 0.4428 0.4748 0.3571 0.5181 0.5056 0.5789 0.4727 1.0000 0.4659 0.5620 0.5097 0.4429 0.4561 0.4358 0.5342 0.5189 0.4789 0.4963 0.4789 0.4900 0.4982 0.1859 0.2398 0.2364 0.1589 0.0052 0.0167 0.0038 0.1053 0.1290 0.1420 0.0000 0.0000 0.0102 0.0000 0.0000 0.0027 0.0000 0.0000
1.0000 0.4690 0.4335 0.5357 0.4684 0.4552 0.5000 0.4353 1.0000 0.4561 0.4926 0.5468 0.4324 0.4512 0.5000 0.5329 0.4783 0.4622 0.4928 0.4258 0.4885 0.5188 0.3442 0.3681 0.4238 0.2171 0.0173 0.0256 0.0132 0.0000 0.0000 0.0000 0.0000 0.0000 0.0000 0.0000 0.0000 0.0027 0.0128 0.0000
1.0000 0.4646 0.4758 0.4587 0.5195 0.5333 0.5444 0.4741 1.0000 0.4638 0.5484 0.4489 0.5069 0.4496 0.4556 0.5851 0.5700 0.4864 0.5035 0.5374 0.5331 0.5141 0.4511 0.5176 0.4855 0.2857 0.0047 0.0149 0.0000 0.0000 0.0000 0.0000 0.0000 0.0000 0.0000 0.0000 0.0037 0.0000 0.0105 0.0000
1.0000 0.4519 0.4877 0.4444 0.3467 0.5133 0.3816 0.4713 1.0000 0.4775 0.5325 0.4492 0.5000 0.4247 0.4848 0.5704 0.4944 0.4900 0.4690 0.4264 0.4755 0.4603 0.2812 0.2544 0.3382 0.1924 0.0225 0.0333 0.0032 0.0244 0.0208 0.0075 0.0000 0.0000 0.0000 0.0000 0.0161 0.0000 0.0000 0.0000
1.0000 0.5042 0.4795 0.4026 0.5077 0.4342 0.6029 0.5318 1.0000 0.4920 0.4820 0.5141 0.4959 0.5024 0.4670 0.5139 0.4731 0.5143 0.4444 0.4272 0.5466 0.4729 0.4699 0.4110 0.4355 0.4286 0.0447 0.0231 0.0000 0.0000 0.0000 0.0000 0.0000 0.0000 0.0000 0.0000 0.0041 0.0000 0.0141 0.0000
1.0000 0.4772 0.4903 0.4494 0.4198 0.5318 0.4167 0.5217 1.0000 0.5198 0.4497 0.4930 0.5358 0.5000 0.5139 0.4639 0.5319 0.4249 0.4425 0.4453 0.4466 0.4460 0.3150 0.2667 0.3000 0.2090 0.1349 0.1680 0.0000 0.0208 0.0091 0.0104 0.0035 0.0000 0.0000 0.0000 0.0116 0.0028 0.0000 0.0070
1.0000 0.5153 0.4647 0.3780 0.4571 0.4726 0.5765 0.4588 1.0000 0.5082 0.4615 0.4898 0.4769 0.4857 0.4530 0.5466 0.4756 0.5536 0.5109 0.4657 0.4846 0.4960 0.4231 0.3689 0.4016 0.2926 0.0000 0.0238 0.0000 0.0213 0.0000 0.0000 0.0000 0.0000 0.0000 0.0000 0.0000 0.0029 0.0000 0.0081
1.0000 0.4724 0.4440 0.5189 0.3194 0.4496 0.4412 0.4957 1.0000 0.5479 0.3971 0.5185 0.5160 0.5232 0.4737 0.4937 0.5251 0.4822 0.4531 0.4981 0.4297 0.4604 0.3763 0.3701 0.3406 0.2764 0.0361 0.0146 0.0315 0.0179 0.0000 0.0000 0.0000 0.0000 0.0031 0.0000 0.0040 0.0024 0.0123 0.0000
1.0000 0.5428 0.4966 0.5691 0.4750 0.5468 0.5300 0.4765 1.0000 0.4513 0.4947 0.5014 0.4808 0.4701 0.4537 0.5177 0.4831 0.5081 0.4497 0.4691 0.4932 0.4741 0.3287 0.3698 0.4486 0.2561 0.0044 0.0191 0.0205 0.0000 0.0000 0.0000 0.0000 0.0000 0.0000 0.0000 0.0291 0.0177 0.0099 0.0000
1.0000 0.4770 0.4401 0.4444 0.4516 0.4968 0.4940 0.4679 1.0000 0.5588 0.5641 0.5074 0.5169 0.4632 0.4956 0.5621 0.5275 0.4739 0.4058 0.4453 0.4762 0.4682 0.4064 0.4696 0.4633 0.3505 0.0000 0.0068 0.0000 0.0000 0.0000 0.0000 0.0000 0.0000 0.0027 0.0000 0.0038 0.0000 0.0103 0.0000
1.0000 0.4643 0.4915 0.3953 0.4627 0.5228 0.6094 0.4839 1.0000 0.4706 0.5328 0.5017 0.5094 0.4853 0.5091 0.4596 0.5248 0.4515 0.4425 0.4449 0.4513 0.4910 0.4529 0.4044 0.4673 0.3022 0.0056 0.0000 0.0000 0.0392 0.0000 0.0000 0.0000 0.0000 0.0093 0.0000 0.0000 0.0060 0.0122 0.0000
1.0000 0.5299 0.4590 0.5714 0.4805 0.5118 0.5147 0.4670 1.0000 0.5720 0.5147 0.5120 0.4529 0.4486 0.5025 0.5506 0.4747 0.5000 0.4615 0.4776 0.4073 0.4497 0.4647 0.4843 0.4706 0.3195 0.0132 0.0276 0.0000 0.0000 0.0000 0.0000 0.0000 0.0000 0.0031 0.0000 0.0073 0.0080 0.0200 0.0000
1.0000 0.5116 0.4556 0.5263 0.4366 0.4912 0.5195 0.4978 1.0000 0.5125 0.4851 0.4836 0.5235 0.5164 0.5023 0.4632 0.4720 0.5270 0.4919 0.4730 0.5059 0.4904 0.0518 0.0938 0.1133 0.0554 0.0047 0.0000 0.0035 0.3158 0.0000 0.0000 0.0000 0.0000 0.0090 0.0000 0.0000 0.0000 0.0125 0.0000
1.0000 0.4810 0.5050 0.4851 0.4706 0.5175 0.5057 0.4843 1.0000 0.5864 0.6042 0.5045 0.4259 0.4387 0.4912 0.5503 0.5161 0.5093 0.4588 0.5038 0.4467 0.5000 0.4590 0.4278 0.4603 0.3519 0.0000 0.0132 0.0305 0.0000 0.0082 0.0000 0.0000 0.0000 0.0031 0.0000 0.0067 0.0000 0.0108 0.0000
1.0000 0.4649 0.4891 0.4792 0.5128 0.5516 0.3871 0.4648 1.0000 0.4460 0.5165 0.4751 0.4904 0.4811 0.4641 0.4970 0.4877 0.4864 0.4934 0.5000 0.5105 0.4604 0.1055 0.0778 0.0529 0.0518 0.3761 0.3488 0.0062 0.0638 0.0543 0.0307 0.0000 0.0000 0.0000 0.0000 0.0000 0.0000 0.0000 0.0000
1.0000 0.4542 0.4356 0.4333 0.4638 0.5070 0.4795 0.4889 1.0000 0.5154 0.4776 0.4828 0.4640 0.4387 0.5104 0.4265 0.4901 0.5460 0.4531 0.5223 0.4874 0.4877 0.2000 0.2617 0.2439 0.1470 0.0000 0.0068 0.2927 0.0000 0.0000 0.0000 0.0000 0.0000 0.0000 0.0000 0.0095 0.0030 0.0000 0.0000
1.0000 0.5017 0.4737 0.5591 0.5139 0.4937 0.3733 0.4750 1.0000 0.4698 0.4891 0.4610 0.4873 0.4167 0.4909 0.5060 0.5080 0.4574 0.5042 0.4449 0.5123 0.4982 0.1341 0.0933 0.1769 0.0864 0.2701 0.3933 0.0186 0.0000 0.0000 0.0000 0.0000 0.0000 0.0032 0.0000 0.0000 0.0000 0.0000 0.0000
1.0000 0.4591 0.5320 0.4667 0.3043 0.4534 0.5472 0.5160 1.0000 0.5110 0.5917 0.5410 0.5120 0.4835 0.5229 0.5596 0.4626 0.4679 0.4630 0.4498 0.4565 0.4631 0.3226 0.2889 0.3407 0.2305 0.1049 0.1356 0.0000 0.0000 0.0000 0.0000 0.0000 0.0000 0.0000 0.0000 0.0000 0.0000 0.0946 0.0000
1.0000 0.4928 0.5157 0.3452 0.5082 0.5000 0.5672 0.4298 1.0000 0.4937 0.4899 0.4801 0.5141 0.4788 0.4314 0.5000 0.5281 0.5028 0.4609 0.5240 0.5584 0.5252 0.2291 0.2590 0.2672 0.1987 0.2133 0.2016 0.0000 0.0000 0.0089 0.0040 0.0000 0.0000 0.0000 0.0000 0.0000 0.0000 0.0267 0.0000
1.0000 0.5084 0.4810 0.4600 0.5833 0.5043 0.5077 0.5164 1.0000 0.5024 0.5276 0.4943 0.4837 0.5323 0.4094 0.5441 0.5093 0.5000 0.4375 0.5161 0.5251 0.4431 0.0069 0.0379 0.0263 0.0239 0.4219 0.4077 0.0000 0.0426 0.0000 0.0000 0.0000 0.0000 0.0038 0.0000 0.0000 0.0000 0.0000 0.0000
1.0000 0.5387 0.5190 0.6168 0.4074 0.4830 0.4022 0.4689 1.0000 0.4757 0.5033 0.5486 0.4686 0.4885 0.4440 0.5424 0.4784 0.4836 0.4578 0.4727 0.4698 0.4618 0.4412 0.4394 0.4855 0.3728 0.0000 0.0000 0.0000 0.0000 0.0000 0.0000 0.0000 0.0000 0.0057 0.0000 0.0000 0.0000 0.0000 0.0000
1.0000 0.4136 0.4539 0.4368 0.5065 0.5017 0.5192 0.4726 1.0000 0.5017 0.4318 0.4855 0.4711 0.5404 0.5292 0.5052 0.5507 0.4920 0.5449 0.5351 0.4748 0.5062 0.0042 0.0000 0.0000 0.0000 0.0000 0.0000 0.0000 0.0000 0.0000 0.0000 0.0000 0.0000 0.0023 0.0000 0.0000 0.0000 0.0000 0.0000
1.0000 0.4806 0.5423 0.4715 0.3973 0.4675 0.4405 0.5192 1.0000 0.4488 0.5138 0.4901 0.5129 0.4830 0.5170 0.5786 0.4689 0.4641 0.4917 0.5207 0.4948 0.5191 0.4803 0.4375 0.4432 0.3658 0.0000 0.0000 0.0000 0.0000 0.0000 0.0000 0.0000 0.0000 0.0028 0.0000 0.0000 0.0000 0.0000 0.0000
1.0000 0.4641 0.5270 0.5750 0.4615 0.4559 0.5063 0.5444 1.0000 0.5279 0.5492 0.5060 0.4967 0.4848 0.4980 0.5421 0.4222 0.4928 0.4174 0.4870 0.5421 0.5028 0.0000 0.0054 0.0061 0.0053 0.5184 0.5361 0.0000 0.0000 0.0000 0.0000 0.0000 0.0000 0.0028 0.0000 0.0000 0.0000 0.9907 0.0000
1.0000 0.5113 0.4804 0.4318 0.4462 0.4521 0.5125 0.4704 1.0000 0.5393 0.5359 0.5063 0.5377 0.5170 0.0000 0.0361 0.0000 0.0000 0.0000 0.0033 0.0000 0.0000 0.0000 0.0000 0.0000 0.0000 0.0000 0.0000 0.0000 0.0000 0.0000 0.0000 0.0059 0.0000 0.0025 0.0000 0.0000 0.0000 0.0000 0.0049
1.0000 0.4977 0.4953 0.4636 0.5125 0.5248 0.5300 0.5242 1.0000 0.4765 0.5138 0.4738 0.4789 0.4635 0.0032 0.0644 0.0000 0.0069 0.0153 0.0090 0.0085 0.0050 0.0039 0.0044 0.0102 0.0000 0.0000 0.0000 0.0000 0.0000 0.0000 0.0000 0.4552 0.4410 0.0000 0.0000 0.0000 0.0000 0.0000 0.0000
1.0000 0.4860 0.4716 0.4634 0.4355 0.4774 0.4535 0.3786 1.0000 0.4935 0.5257 0.4586 0.4481 0.4454 0.0000 0.0303 0.0065 0.0000 0.0000 0.0000 0.0000 0.0000 0.0000 0.0000 0.0000 0.0000 0.0000 0.0000 0.0000 0.0000 0.0000 0.0000 0.0040 0.0000 0.0033 0.0037 0.0000 0.0000 0.0000 0.0000
1.0000 0.5050 0.4883 0.4480 0.4528 0.5203 0.5146 0.5159 1.0000 0.4845 0.5286 0.5205 0.4501 0.4663 0.0029 0.0352 0.0084 0.0000 0.0000 0.0029 0.0000 0.0000 0.0000 0.0000 0.0000 0.0000 0.0034 0.0000 0.0000 0.0000 0.0000 0.0000 0.0000 0.0000 0.0000 0.0000 0.0000 0.0000 0.0000 0.0000
1.0000 0.4949 0.4515 0.5385 0.4146 0.4744 0.5634 0.5195 1.0000 0.4355 0.5762 0.5215 0.4600 0.5402 0.0000 0.0119 0.0000 0.0000 0.0000 0.0000 0.0000 0.0000 0.0050 0.0000 0.0000 0.0000 0.0000 0.0068 0.0000 0.0000 0.0000 0.0000 0.0000 0.0000 0.0000 0.0000 0.0000 0.0000 0.0000 0.0000
1.0000 0.5087 0.4859 0.5093 0.3718 0.4598 0.5217 0.4963 1.0000 0.5000 0.5425 0.4693 0.4351 0.5162 0.0279 0.0625 0.0053 0.0138 0.0000 0.0000 0.0000 0.0056 0.0000 0.0000 0.0000 0.0000 0.0000 0.0070 0.0000 0.0000 0.0000 0.0000 0.4650 0.4828 0.0000 0.0000 0.0000 0.0000 0.0000 0.1477
1.0000 0.4448 0.5077 0.4257 0.4625 0.5184 0.5867 0.4757 1.0000 0.4816 0.4857 0.4872 0.4840 0.4867 0.0121 0.0238 0.0000 0.0052 0.0000 0.0036 0.0000 0.0028 0.0000 0.0000 0.0000 0.0000 0.0000 0.0000 0.0000 0.0000 0.0000 0.0000 0.5094 0.5156 0.0076 0.0000 0.0000 0.0000 0.0000 0.1377
1.0000 0.5037 0.4981 0.4000 0.4211 0.4943 0.4713 0.4354 1.0000 0.4889 0.6159 0.5049 0.5078 0.4834 0.0216 0.0658 0.0187 0.0000 0.0000 0.0000 0.0083 0.0000 0.0000 0.0000 0.0000 0.0000 0.0000 0.0000 0.0000 0.0000 0.0000 0.0000 0.4796 0.4741 0.0000 0.0000 0.0000 0.0000 0.0000 0.0144
1.0000 0.5225 0.5250 0.4786 0.4667 0.5052 0.5422 0.5036 1.0000 0.4796 0.4671 0.4724 0.4839 0.4877 0.0139 0.0692 0.0053 0.0000 0.0000 0.0000 0.0000 0.0000 0.0000 0.0000 0.0000 0.0000 0.0000 0.0000 0.0000 0.0000 0.0000 0.0000 0.4880 0.5103 0.0000 0.0000 0.0000 0.0000 0.0000 0.0321
1.0000 0.5231 0.5081 0.4286 0.4375 0.4478 0.4524 0.4792 1.0000 0.5021 0.5507 0.5536 0.5018 0.4669 0.0094 0.0282 0.0122 0.0000 0.0000 0.0000 0.0000 0.0000 0.0000 0.0000 0.0000 0.0000 0.0000 0.0000 0.0000 0.0000 0.0000 0.0000 0.4640 0.3471 0.0055 0.0000 0.0000 0.0000 0.0000 0.0114
1.0000 0.5333 0.4795 0.4505 0.3929 0.4488 0.5190 0.4798 1.0000 0.5128 0.5833 0.5338 0.5413 0.4819 0.2031 0.2263 0.0237 0.0212 0.0000 0.0000 0.0000 0.0000 0.0000 0.0000 0.0000 0.0000 0.0000 0.0000 0.0000 0.0000 0.0000 0.0000 0.2677 0.3571 0.0063 0.0083 0.0000 0.0000 0.0000 0.0066
1.0000 0.4677 0.4486 0.5000 0.4110 0.4726 0.4767 0.4698 1.0000 0.4302 0.5427 0.4934 0.4297 0.4275 0.3270 0.3636 0.0000 0.0000 0.0000 0.0000 0.0000 0.0000 0.0000 0.0000 0.0000 0.0000 0.0000 0.0000 0.0000 0.0000 0.0000 0.0000 0.0714 0.0909 0.0000 0.0000 0.0000 0.0000 0.0000 0.0060
1.0000 0.4811 0.5187 0.3924 0.3929 0.5198 0.4471 0.4405 1.0000 0.4935 0.3869 0.4744 0.5017 0.5106 0.0088 0.0227 0.0000 0.0000 0.0000 0.0000 0.0000 0.0000 0.0000 0.0000 0.0000 0.0000 0.0000 0.0000 0.0000 0.0000 0.0000 0.0000 0.4622 0.5512 0.0060 0.0000 0.0000 0.0000 0.0000 0.9557
1.0000 0.4906 0.4615 0.5588 0.5352 0.5187 0.4805 0.4764 1.0000 0.5023 0.4762 0.4876 0.4414 0.4412 0.0190 0.0253 0.0000 0.0000 0.0000 0.0000 0.0000 0.0000 0.0000 0.0000 0.0000 0.0000 0.0000 0.0000 0.0000 0.0000 0.0000 0.0000 0.4766 0.4885 0.0328 0.0237 0.0000 0.0000 0.0000 0.0750
1.0000 0.4748 0.5257 0.5238 0.4677 0.4583 0.6197 0.4732 1.0000 0.4862 0.4615 0.5468 0.5000 0.4939 0.0093 0.0588 0.0000 0.0050 0.0000 0.0000 0.0000 0.0000 0.0000 0.0000 0.0000 0.0000 0.0000 0.0000 0.0000 0.0000 0.0000 0.0000 0.5214 0.4351 0.0031 0.0000 0.0000 0.0000 0.0115 0.0000
1.0000 0.4846 0.4622 0.3902 0.4516 0.5134 0.5000 0.5381 1.0000 0.4809 0.4929 0.4756 0.4778 0.4598 0.0047 0.0467 0.0054 0.0000 0.0000 0.0000 0.0000 0.0000 0.0000 0.0000 0.0000 0.0000 0.0000 0.0000 0.0000 0.0000 0.0000 0.0000 0.4826 0.4444 0.0031 0.0000 0.0000 0.0000 0.0000 0.0000
1.0000 0.5517 0.4952 0.4842 0.4930 0.5062 0.4783 0.5043 1.0000 0.5211 0.5608 0.5048 0.4621 0.4664 0.2932 0.3185 0.0000 0.0000 0.0000 0.0000 0.0000 0.0000 0.0000 0.0000 0.0157 0.0000 0.0000 0.0075 0.0000 0.0000 0.0000 0.0000 0.2017 0.1374 0.0000 0.0000 0.0000 0.0000 0.0000 0.0000
1.0000 0.5423 0.4854 0.4767 0.5357 0.5157 0.4286 0.4174 1.0000 0.4911 0.4348 0.5155 0.4449 0.4831 0.0168 0.0845 0.0065 0.0183 0.0000 0.0049 0.0238 0.0185 0.0000 0.0000 0.0155 0.0000 0.0000 0.0000 0.0000 0.0000 0.0000 0.0000 0.3750 0.4211 0.0000 0.0000 0.0000 0.0000 0.0000 0.0000
1.0000 0.4762 0.4982 0.4528 0.5068 0.4378 0.4615 0.4846 1.0000 0.5535 0.4823 0.5123 0.5352 0.5207 0.4286 0.4342 0.4020 0.1535 0.0000 0.0000 0.0000 0.0000 0.0000 0.0000 0.0000 0.0000 0.0000 0.0000 0.0000 0.0000 0.0000 0.0000 0.0671 0.0980 0.0028 0.0000 0.0000 0.0000 0.0000 0.1391
1.0000 0.5597 0.5065 0.4691 0.4286 0.4796 0.4182 0.5249 1.0000 0.5025 0.4531 0.4910 0.4862 0.4346 0.3763 0.3571 0.0000 0.0000 0.0000 0.0000 0.0000 0.0000 0.0000 0.0000 0.0000 0.0000 0.0000 0.0000 0.0000 0.0000 0.0000 0.0000 0.1777 0.1626 0.0100 0.0085 0.0000 0.0000 0.0118 0.1406
1.0000 0.4603 0.4804 0.4776 0.3455 0.4608 0.5938 0.5474 1.0000 0.4503 0.5282 0.5441 0.4862 0.4286 0.0000 0.0167 0.0000 0.0000 0.0000 0.0000 0.0000 0.0000 0.0000 0.0000 0.0000 0.0000 0.0000 0.0000 0.0000 0.0000 0.0000 0.0000 0.4626 0.4924 0.0000 0.0000 0.0046 0.0000 0.0000 0.0000
1.0000 0.3349 0.5566 0.4598 0.4154 0.3613 0.5714 0.4420 1.0000 0.5487 0.5299 0.4946 0.5631 0.4951 0.2174 0.2358 0.0479 0.0060 0.0000 0.0000 0.0000 0.0000 0.0000 0.0000 0.0000 0.0000 0.0000 0.0000 0.0000 0.0000 0.0000 0.0000 0.2277 0.3396 0.0033 0.0045 0.0000 0.0000 0.0000 0.0288
1.0000 0.5333 0.5250 0.5238 0.4091 0.4655 0.5942 0.5155 1.0000 0.4730 0.5507 0.4549 0.4979 0.5251 0.0000 0.0280 0.0000 0.0000 0.0000 0.0000 0.0000 0.0000 0.0000 0.0000 0.0000 0.0000 0.0000 0.0000 0.0000 0.0000 0.0000 0.0000 0.5045 0.4400 0.0031 0.0000 0.0000 0.0000 0.0000 0.0000
1.0000 0.4682 0.5081 0.4878 0.5000 0.4523 0.4211 0.5302 1.0000 0.4866 0.4929 0.4982 0.5077 0.5282 0.4152 0.4671 0.3557 0.3824 0.0000 0.0000 0.0000 0.0000 0.0000 0.0000 0.0000 0.0000 0.0000 0.0076 0.0000 0.0000 0.0000 0.0000 0.0881 0.0643 0.0252 0.0456 0.0000 0.0000 0.0000 0.0811
1.0000 0.5443 0.4397 0.5584 0.5254 0.5455 0.4576 0.4919 1.0000 0.4602 0.5818 0.5191 0.5342 0.5118 0.4514 0.4274 0.4726 0.4106 0.0000 0.0000 0.0000 0.0000 0.0000 0.0000 0.0000 0.0000 0.0000 0.0000 0.0000 0.0000 0.0000 0.0000 0.0323 0.0268 0.0038 0.0157 0.0000 0.0000 0.0000 0.0182
1.0000 0.4717 0.5196 0.5169 0.4872 0.5031 0.5190 0.5060 1.0000 0.5130 0.5744 0.4987 0.4758 0.4943 0.0000 0.0281 0.0049 0.0041 0.0000 0.0000 0.0037 0.0000 0.0000 0.0000 0.0000 0.0000 0.0000 0.0058 0.0000 0.0000 0.0000 0.0000 0.4932 0.5369 0.0000 0.0000 0.0000 0.0000 0.0000 0.0052
1.0000 0.4824 0.6023 0.4028 0.4474 0.4673 0.5000 0.4022 1.0000 0.5127 0.5259 0.4732 0.4820 0.4829 0.0000 0.0510 0.0000 0.0000 0.0000 0.0000 0.0000 0.0000 0.0000 0.0000 0.0085 0.0000 0.0000 0.0000 0.0000 0.0000 0.0000 0.0000 0.4541 0.4220 0.0034 0.0000 0.0000 0.0000 0.0000 0.9732
1.0000 0.4778 0.4684 0.4810 0.3000 0.4450 0.5873 0.4851 1.0000 0.4456 0.4563 0.4592 0.4730 0.4682 0.0000 0.0261 0.0078 0.0000 0.0000 0.0000 0.0000 0.0000 0.0000 0.0000 0.0000 0.0000 0.0000 0.0000 0.0000 0.0000 0.0000 0.0000 0.4615 0.4239 0.0038 0.0000 0.0000 0.0000 0.0000 0.0000
1.0000 0.5097 0.5048 0.4588 0.5094 0.4850 0.5205 0.4935 1.0000 0.4390 0.5182 0.5203 0.4550 0.4258 0.0044 0.0789 0.0000 0.0000 0.0068 0.0000 0.0000 0.0000 0.0000 0.0000 0.0000 0.0000 0.0000 0.0082 0.0000 0.0000 0.0000 0.0000 0.4779 0.5086 0.0000 0.0000 0.0000 0.0000 0.0000 0.0000
1.0000 0.4735 0.4297 0.5000 0.6061 0.5274 0.5067 0.5000 1.0000 0.4741 0.5369 0.4689 0.5547 0.4754 0.0048 0.0472 0.0068 0.0000 0.0000 0.0000 0.0000 0.0000 0.0000 0.0000 0.0074 0.0000 0.0000 0.0000 0.0000 0.0000 0.0000 0.0037 0.4721 0.4464 0.0065 0.0000 0.0000 0.0000 0.0000 0.0000
1.0000 0.4800 0.4840 0.4545 0.5114 0.4811 0.4752 0.5106 1.0000 0.5442 0.5539 0.4601 0.5201 0.5032 0.4132 0.5538 0.0000 0.0000 0.0000 0.0000 0.0000 0.0000 0.0000 0.0000 0.0000 0.0000 0.0000 0.0050 0.0000 0.0000 0.0000 0.0000 0.0000 0.0000 0.0025 0.0000 0.0000 0.0000 0.0000 0.0000
1.0000 0.4942 0.5362 0.4571 0.4655 0.5080 0.5385 0.4749 0.9775 0.4870 0.4917 0.4498 0.4889 0.4462 0.0000 0.0373 0.0000 0.0000 0.0000 0.0000 0.0000 0.0000 0.0000 0.0000 0.0000 0.0000 0.0000 0.0000 0.0000 0.0000 0.0000 0.0000 0.0090 0.0000 0.0000 0.0000 0.0000 0.0000 0.0000 0.0000
1.0000 0.5246 0.4764 0.4792 0.4483 0.5199 0.5500 0.5092 1.0000 0.4440 0.5649 0.4802 0.4898 0.4907 0.0000 0.0353 0.0000 0.0000 0.0000 0.0036 0.0000 0.0000 0.0000 0.0000 0.0000 0.0000 0.0000 0.0000 0.0000 0.0000 0.0000 0.0000 0.4891 0.4500 0.5702 0.5017 0.0000 0.0000 0.0000 0.9936
