40 1 0 0 248 170 12 219 226 260 0 297 83 0 0 0 1 80 117 200 39 13 159 0 0 0 0 67 90 0 135 0 208 0 0 283 0 0 197 186 222
0 0 0 0 87 1 1 88 73 179 0 169 53 0 0 0 0 55 0 190 6 0 21 0 0 0 0 69 23 0 67 0 180 0 0 113 0 0 0 155 235
0 0 0 0 77 0 0 87 75 224 0 239 80 0 0 0 0 53 0 216 3 0 24 0 0 1 0 72 11 0 60 0 228 0 0 92 0 0 0 168 254
5 1 1 0 113 1 0 97 110 117 0 147 37 0 0 0 0 34 0 106 8 1 101 1 0 0 3 34 68 0 61 0 106 0 0 121 0 0 9 90 132
0 0 0 0 108 0 0 101 94 98 0 104 32 0 0 0 0 25 0 89 12 0 98 0 0 0 0 38 51 0 67 0 104 0 0 119 0 0 5 69 134
2 0 0 0 120 1 0 100 121 103 1 109 39 0 0 0 0 29 0 110 3 0 128 0 0 0 1 33 50 0 74 0 125 0 0 136 0 0 0 82 138
1 0 0 0 103 0 1 108 95 108 0 127 50 0 0 0 0 34 0 108 3 0 112 0 0 0 0 35 51 2 73 0 103 0 0 131 0 0 0 89 127
0 0 1 0 116 0 0 118 113 111 0 147 35 0 0 0 0 31 0 107 4 0 120 1 0 0 0 39 57 0 83 0 93 0 0 121 0 0 1 83 144
30 0 0 0 126 1 1 125 125 116 0 104 52 0 0 0 0 26 1 118 33 0 86 0 0 0 0 35 36 0 71 0 96 0 0 165 0 0 0 90 125
75 1 1 0 137 1 0 110 93 118 0 131 35 0 0 0 0 26 0 105 58 0 26 0 0 1 0 38 14 0 81 0 112 0 0 125 0 0 1 93 131
0 0 0 0 173 1 0 133 136 138 1 144 61 0 0 0 0 33 0 112 3 2 112 0 0 0 0 46 64 0 75 0 125 0 0 161 0 0 143 116 162
4 0 0 0 140 3 1 131 118 157 0 142 28 0 0 0 0 32 0 139 7 1 125 0 0 0 0 38 52 0 73 0 112 0 0 152 0 0 1 94 205
0 0 1 0 129 0 0 138 130 148 0 162 45 0 0 0 0 28 0 128 3 0 142 0 0 0 0 40 51 0 65 0 138 0 0 187 0 0 0 89 159
0 1 0 0 157 0 0 143 137 139 0 152 42 0 0 0 0 29 0 151 7 0 118 0 0 1 2 48 66 0 68 0 143 0 0 174 0 0 0 89 176
27 1 1 0 142 2 1 123 146 130 0 145 53 0 0 0 0 16 0 151 42 0 71 0 0 0 0 35 32 0 82 0 120 0 0 169 0 0 0 98 179
4 0 14 0 154 0 2 131 139 145 0 171 46 0 0 0 0 30 0 157 6 7 110 0 0 1 0 36 54 7 87 0 129 0 0 183 0 0 0 95 184
107 0 0 0 155 0 91 128 135 123 0 148 48 0 0 0 0 36 0 155 91 30 3 0 0 0 0 49 2 0 83 0 129 0 0 181 0 0 5 88 193
55 0 0 0 153 3 0 132 145 147 0 157 37 0 0 0 0 23 0 139 51 0 50 0 0 0 0 51 24 0 85 0 129 0 0 184 0 0 17 100 154
0 0 0 0 166 1 0 145 149 154 0 181 53 0 0 0 0 32 0 118 4 0 152 0 0 0 0 41 62 0 69 0 161 0 0 188 0 0 0 87 202
23 1 0 0 159 6 2 148 148 126 0 126 63 0 0 0 0 37 2 173 19 1 105 0 0 0 0 51 51 0 84 0 129 0 0 188 0 0 1 91 185
0 0 0 0 136 1 0 117 138 120 0 124 31 0 0 0 0 27 0 131 9 0 121 0 0 0 1 35 54 0 68 0 127 0 0 179 0 0 0 94 156
79 0 0 0 128 11 40 97 108 105 0 137 35 0 0 0 0 19 21 92 44 49 28 0 0 0 0 25 11 0 50 0 105 0 0 126 0 0 17 70 137
88 1 0 0 140 1 62 91 113 105 0 108 36 0 0 0 0 20 1 110 52 81 9 0 0 0 0 31 2 0 67 0 89 0 0 140 0 0 0 89 146
0 0 0 0 108 0 1 100 92 109 0 125 32 0 0 0 0 28 1 96 4 0 102 0 0 1 0 37 37 0 75 0 116 0 0 137 0 0 3 66 135
0 0 0 0 126 0 0 129 135 109 0 145 37 0 0 0 0 30 0 117 3 0 102 0 0 1 0 30 61 0 71 0 109 0 0 131 0 0 148 89 183
0 0 0 0 128 1 1 100 116 105 0 134 35 0 0 0 0 32 0 98 2 0 92 0 0 0 0 24 57 0 60 0 106 0 0 130 0 0 0 80 156
0 0 0 0 151 0 0 122 114 119 0 140 33 0 0 0 0 19 0 128 7 0 119 0 0 0 0 34 47 0 78 0 99 0 0 164 0 0 0 85 149
0 0 1 0 129 203 0 140 113 148 0 150 45 0 0 0 0 28 149 118 5 0 143 0 0 0 0 56 69 0 65 0 114 0 0 169 0 0 204 91 179
0 0 1 0 128 1 0 124 117 111 0 132 32 0 0 0 0 27 0 101 6 0 99 0 0 0 0 25 43 0 76 0 124 0 0 145 0 0 0 84 171
113 1 0 0 145 0 0 105 131 119 0 162 37 0 0 0 0 27 0 125 76 0 1 0 0 0 0 39 0 0 73 0 113 0 0 160 0 0 0 104 184
277 318 253 51 366 0 258 269 273 303 172 330 110 18 61 34 53 125 0 293 179 227 0 43 61 49 35 88 0 328 174 41 280 34 47 322 29 17 1 233 303
109 131 139 14 172 1 100 122 117 146 42 115 50 3 15 19 15 36 0 130 78 108 0 11 22 15 10 36 0 176 70 11 142 5 10 176 22 3 0 105 166
110 138 138 40 133 0 84 134 116 149 80 134 53 0 72 0 6 43 0 116 69 96 0 55 12 2 42 29 0 135 82 0 106 0 1 153 1 0 0 79 155
78 102 122 29 124 3 96 109 130 113 67 120 35 6 51 0 1 43 0 135 86 102 0 41 12 2 26 44 0 137 77 1 104 12 45 131 1 0 0 95 175
118 109 128 74 128 0 110 97 130 114 68 136 60 0 76 0 4 37 0 132 81 104 0 60 12 3 64 37 0 166 67 4 111 0 0 152 1 1 0 110 190
123 151 145 83 146 0 114 116 128 128 72 118 50 0 102 1 1 40 0 160 110 107 0 88 8 2 67 49 0 164 85 0 128 0 0 145 0 1 0 91 166
112 113 126 54 123 0 89 93 138 119 53 122 40 1 71 4 5 26 0 116 81 98 0 43 11 5 46 29 0 139 82 1 115 2 2 137 0 0 0 91 155
92 91 129 78 121 0 88 105 123 105 52 120 31 0 135 1 8 33 0 99 74 90 0 60 8 3 54 41 0 122 67 0 117 0 0 128 0 1 0 77 138
111 110 117 63 142 0 125 118 131 126 50 136 40 1 65 3 29 34 0 117 77 99 1 48 16 21 39 35 0 128 67 0 132 1 3 140 1 0 1 112 151
82 95 110 88 124 0 78 102 124 112 70 135 31 1 91 0 0 32 0 95 88 93 0 45 5 3 51 49 0 124 72 0 89 0 0 120 1 0 1 92 128
108 131 110 70 129 1 94 124 143 103 58 137 55 1 97 1 7 23 0 125 78 95 0 57 9 2 47 30 0 128 54 9 116 0 0 168 1 1 0 108 140
93 129 146 71 150 0 100 118 125 148 67 146 70 0 94 9 1 38 0 146 73 125 0 71 10 3 83 53 0 174 94 6 132 0 0 173 8 1 0 111 215
113 118 130 89 153 1 115 107 152 125 56 135 48 0 143 1 0 28 0 154 86 109 0 85 13 1 82 41 0 147 88 0 102 0 0 172 0 1 0 111 182
112 105 102 77 136 3 106 99 112 116 50 104 34 2 110 0 1 31 0 149 74 107 0 55 11 0 50 39 0 137 65 0 120 0 0 144 2 1 0 89 147
101 117 101 79 125 1 94 96 143 112 72 124 52 0 108 2 3 37 0 130 98 112 0 77 21 4 64 35 0 134 70 0 106 0 0 149 3 2 0 97 165
111 114 128 10 145 3 101 126 144 118 61 155 50 12 21 0 1 31 0 112 63 78 0 15 6 0 17 40 0 153 65 1 114 0 0 162 0 1 0 110 163
112 132 109 84 115 1 112 111 173 151 78 139 49 0 133 2 0 32 0 133 82 109 0 77 14 2 58 44 0 147 87 9 123 1 0 170 0 1 0 94 173
110 140 146 21 153 0 99 127 128 135 75 159 46 3 20 0 82 40 0 139 82 107 0 14 20 60 9 36 0 157 94 2 132 7 10 162 0 0 0 103 184
98 117 116 30 116 0 99 93 117 98 58 114 39 0 51 2 0 32 0 108 58 89 0 39 16 1 30 35 0 119 64 72 110 0 0 140 1 0 0 78 148
108 117 125 24 134 1 95 100 109 126 60 144 52 0 26 0 57 37 0 117 85 86 0 14 9 59 26 28 0 135 67 5 95 0 0 130 0 0 0 98 145
80 94 84 40 107 0 68 88 93 108 50 101 35 0 56 0 17 14 0 73 61 73 0 39 11 16 31 29 0 94 71 0 97 0 0 132 0 7 0 57 124
88 109 129 41 128 0 94 113 117 115 53 137 29 0 62 0 45 31 0 116 70 89 0 36 13 26 31 38 0 146 73 0 101 1 1 133 0 2 0 89 139
70 112 115 1 119 1 82 107 106 114 56 121 46 2 7 0 81 28 0 117 74 90 0 5 13 53 3 33 0 109 67 0 110 0 0 131 0 0 0 79 161
103 130 148 90 127 2 111 128 137 150 76 167 66 0 148 0 0 33 0 142 96 118 0 87 9 0 67 37 0 163 76 0 113 0 0 175 0 0 0 96 170
145 145 132 1 163 1 125 154 150 138 85 134 38 0 0 0 0 39 0 152 97 123 0 0 17 0 0 54 0 162 76 0 138 0 0 167 0 0 0 105 174
137 151 144 110 139 1 98 128 127 154 89 161 58 0 139 0 0 29 0 108 92 97 0 77 13 0 78 37 0 190 93 0 135 0 0 174 0 0 0 99 156
124 131 148 0 150 1 76 128 142 166 48 142 69 0 2 0 127 36 0 119 103 103 0 1 22 89 1 40 0 179 106 0 147 0 0 170 0 107 0 111 177
0 1 0 0 171 1 0 167 151 159 0 181 38 0 0 0 0 29 0 132 7 0 2 0 0 0 0 41 0 0 97 0 151 0 0 200 0 0 1 106 185
1 3 3 1 182 0 0 165 172 209 3 219 70 0 0 0 0 41 0 180 15 2 178 1 0 0 2 53 86 2 112 0 173 0 0 217 0 0 0 147 208
0 0 0 0 121 1 1 106 114 108 0 139 38 0 0 0 0 27 1 116 5 0 1 0 0 0 0 39 0 0 92 0 92 0 0 144 0 0 0 83 146
1 1 0 0 185 0 2 173 188 188 0 202 56 0 0 0 1 48 0 192 8 0 0 0 0 0 0 53 0 0 111 0 179 0 0 229 0 0 0 132 220
0 0 0 1 138 0 0 141 125 135 0 145 49 0 0 0 0 34 0 139 2 0 0 0 0 1 0 40 0 0 87 0 133 0 0 158 0 0 0 106 144
7 0 0 0 124 0 1 143 130 155 0 175 55 0 0 0 0 29 0 143 9 3 133 0 0 1 0 36 56 2 83 0 134 0 0 145 0 0 26 98 168
3 1 0 0 136 3 0 146 131 132 0 133 43 0 0 0 0 37 0 127 4 1 135 0 0 0 0 44 66 1 85 0 137 0 0 190 0 0 23 90 154
4 0 2 0 131 0 3 102 110 130 0 135 38 0 0 0 0 24 0 130 10 0 106 0 1 0 0 41 64 0 93 0 91 0 0 155 0 0 2 90 124
3 0 0 0 135 0 1 119 129 147 0 174 56 0 0 0 0 35 0 146 11 0 122 0 0 0 0 45 74 0 78 0 140 0 0 171 0 0 6 76 165
2 0 0 0 137 2 2 120 121 126 0 147 33 0 0 0 0 28 0 120 4 0 116 0 0 0 0 38 42 0 76 0 115 0 0 160 0 0 2 103 154
39 0 0 0 131 2 4 120 120 117 0 144 41 0 0 0 0 22 2 114 31 4 72 0 0 0 0 41 40 0 77 0 107 0 0 158 0 0 1 89 126
69 0 0 0 107 0 0 118 111 109 0 145 41 0 0 0 0 30 0 112 44 0 19 0 0 0 0 41 13 0 89 0 101 0 0 150 0 0 1 92 144
2 0 0 0 150 2 0 120 114 111 0 127 31 0 0 0 0 22 0 131 3 0 116 0 0 0 0 38 70 0 53 0 100 0 0 139 0 0 151 65 120
4 0 0 0 113 10 0 105 110 114 0 131 57 0 0 0 0 38 5 125 4 0 112 0 0 0 0 37 64 0 70 0 111 0 0 138 0 0 9 94 127
2 0 0 0 134 1 0 122 106 133 0 132 44 0 0 0 0 29 0 110 8 1 122 0 0 0 0 44 57 0 66 0 97 0 0 152 0 1 0 86 117
1 0 0 0 129 1 1 103 113 116 0 126 32 0 0 0 0 28 0 115 7 0 111 0 0 0 0 48 44 0 69 0 127 0 0 146 0 0 0 97 153
56 0 0 0 128 0 0 104 111 104 0 144 46 0 0 0 0 35 0 122 43 0 48 0 0 1 2 44 18 0 83 0 117 0 0 159 0 0 0 96 149
4 1 5 0 117 0 1 114 110 100 0 141 41 0 0 0 0 30 0 115 12 3 78 0 2 0 2 39 48 5 50 0 91 0 0 150 0 0 0 72 129
87 0 0 0 152 1 80 151 150 140 0 150 48 0 0 0 0 37 0 109 66 33 19 0 0 0 0 42 15 0 68 0 126 0 0 166 0 0 21 85 150
70 0 0 0 123 3 0 103 101 117 0 150 38 0 0 0 0 27 2 106 50 0 43 0 0 0 0 23 20 0 58 0 116 0 0 136 0 1 18 74 140
0 0 0 0 106 0 0 96 86 98 0 116 32 0 0 1 0 19 0 100 2 0 105 0 0 0 0 38 65 0 75 0 127 0 0 148 0 0 0 83 123
40 0 0 0 125 1 8 101 124 123 0 70 40 0 0 0 0 27 1 86 29 1 51 0 0 0 0 40 36 0 71 0 99 0 0 138 0 0 4 82 118
0 0 0 0 119 1 0 115 105 126 0 128 33 0 0 0 0 27 0 108 3 0 112 0 0 0 0 41 44 0 76 0 100 0 0 121 0 0 0 64 118
93 0 0 0 132 8 69 131 109 125 0 125 40 0 0 0 0 31 11 109 71 65 20 0 0 1 0 32 9 0 69 0 123 0 0 139 0 0 12 71 150
79 0 0 0 125 1 69 108 104 102 0 129 43 0 0 0 0 31 3 102 53 62 6 0 0 0 0 27 3 0 64 0 91 0 0 136 0 0 2 59 127
0 0 1 0 157 0 1 131 138 146 0 150 46 0 0 0 0 38 0 160 5 1 146 0 0 1 0 41 80 0 112 0 127 0 0 198 0 0 1 100 180
0 0 0 0 107 1 0 99 101 106 0 96 29 0 0 0 0 17 0 100 5 0 89 0 0 0 1 31 46 0 61 0 72 0 0 106 0 0 109 56 111
0 0 0 0 105 1 1 103 86 89 0 97 38 0 0 0 0 15 0 85 3 0 90 0 0 0 0 37 39 0 47 0 98 0 0 107 0 0 0 69 109
1 0 0 0 101 0 0 109 90 106 1 131 39 0 0 0 0 27 0 113 9 0 108 0 0 1 0 38 59 0 71 0 114 0 0 141 0 0 0 77 139
1 0 0 0 147 2 1 116 110 110 0 125 48 0 0 0 0 40 0 125 6 0 93 0 0 0 1 38 50 0 80 0 104 0 1 128 0 0 0 70 112
119 0 0 0 181 1 0 158 154 166 0 168 50 0 0 0 0 45 0 153 103 0 0 0 0 1 0 48 0 0 113 0 168 0 0 173 0 0 0 117 157
0 0 0 0 110 0 0 83 94 111 0 128 32 0 0 0 0 27 0 95 5 0 2 0 0 0 0 42 0 0 59 0 85 0 0 112 0 0 0 87 94
0 1 0 0 144 207 0 132 111 141 0 160 46 0 0 0 0 39 146 144 6 0 135 0 0 0 0 44 63 0 87 0 139 0 0 158 0 0 155 123 154
