92 122 0 0 0 136 66 0 2 0 0 0 0 0 0 59 134 1 16 157 0 1 5 80 0 95 0 162 1 0 4 0 190 153 0
177 128 0 0 0 134 64 1 0 0 0 0 0 0 0 34 140 0 4 160 0 0 1 72 0 71 0 139 0 0 3 0 183 178 0
94 101 0 0 0 104 61 0 0 0 0 0 0 0 0 28 134 0 7 131 0 0 0 64 0 63 0 155 0 0 1 0 158 128 0
56 116 0 0 0 130 50 0 0 0 1 0 2 2 0 38 102 0 5 118 0 0 22 73 0 45 0 139 0 0 12 0 155 165 0
124 113 0 0 0 139 66 1 1 2 1 2 0 0 0 39 154 0 9 173 0 0 0 77 0 73 0 155 0 0 0 0 191 167 0
75 162 0 0 0 130 93 0 0 1 0 0 0 0 0 34 147 0 13 124 0 0 1 74 0 76 0 167 0 0 0 0 200 149 2
126 164 0 0 0 109 62 0 0 0 0 0 0 0 1 46 144 1 7 163 0 0 4 92 1 64 0 177 0 0 2 0 176 149 0
99 119 0 0 0 126 69 1 0 0 0 0 0 0 0 44 108 0 6 139 0 0 0 67 0 56 0 143 0 0 0 0 166 125 0
107 146 0 0 0 130 55 0 0 1 0 0 0 0 1 65 134 1 9 150 0 0 1 65 0 63 0 170 0 0 0 0 178 149 0
48 137 0 0 0 102 50 0 0 0 0 2 0 0 0 44 125 0 5 142 0 0 0 74 0 51 0 146 0 0 0 0 146 145 0
9 165 0 0 0 132 69 0 1 0 0 0 0 0 0 47 161 3 8 188 0 2 0 71 0 67 0 199 1 0 0 1 215 188 0
4 153 0 0 0 143 66 0 0 0 0 0 0 0 0 43 161 0 8 182 0 0 0 85 0 63 0 171 0 0 0 0 226 186 0
0 133 1 0 0 120 73 0 0 0 0 0 0 0 1 46 122 0 12 130 0 2 0 88 0 63 0 140 0 0 0 0 181 167 0
0 142 0 0 0 121 75 0 0 0 0 0 0 0 0 35 140 0 5 144 0 0 0 68 0 60 0 130 1 0 0 0 183 145 0
1 116 0 0 0 96 48 0 0 0 0 1 0 1 0 39 124 0 9 126 0 0 0 62 0 42 0 130 2 0 0 0 154 157 0
75 56 0 0 0 118 65 0 1 0 0 0 0 0 0 37 116 0 6 137 0 0 0 73 0 45 0 156 0 0 0 0 171 153 0
26 181 0 0 0 153 91 0 0 0 0 0 0 0 0 57 148 1 13 186 0 0 1 97 0 90 0 197 1 0 0 1 220 200 0
1 195 96 140 117 175 86 104 185 123 104 240 175 136 133 76 176 14 14 179 22 202 253 98 93 75 46 200 116 75 56 132 208 208 176
3 146 83 110 5 120 76 91 157 89 93 181 149 94 106 39 126 3 4 132 8 182 207 72 87 55 2 152 116 45 60 5 181 164 155
0 124 65 103 18 127 67 100 120 108 88 175 126 113 117 37 134 6 10 157 13 164 211 84 78 83 11 145 105 48 58 47 160 143 134
2 146 68 121 3 142 60 101 150 115 98 177 160 109 118 41 154 5 5 154 10 141 211 69 70 75 0 145 79 46 59 6 194 159 125
1 102 54 99 0 104 53 93 136 106 90 143 142 85 95 17 128 2 7 133 9 131 183 67 67 53 0 157 76 40 60 16 189 130 132
0 131 84 109 93 132 54 101 133 119 107 187 151 94 95 35 134 4 10 179 9 130 202 64 78 61 10 163 90 42 59 93 201 143 126
0 147 80 72 1 104 65 91 122 93 88 142 136 86 101 35 120 4 7 161 8 135 204 54 70 58 0 158 91 40 70 1 156 152 139
0 104 69 91 31 112 67 81 126 108 93 159 133 99 121 32 117 4 6 135 9 124 200 69 73 42 20 132 84 50 49 38 157 156 118
0 148 69 111 45 123 65 104 137 119 94 179 154 90 92 38 139 12 9 141 13 143 223 71 75 76 4 151 98 40 51 49 164 168 145
0 127 47 94 20 76 60 61 95 89 74 159 123 75 98 37 97 1 10 133 7 130 147 60 62 39 14 160 72 30 47 39 150 128 98
0 145 68 118 11 120 72 105 134 129 81 182 145 88 122 39 134 8 12 172 13 167 230 92 80 69 7 190 81 30 56 34 196 171 164
0 168 66 111 8 129 66 105 133 148 93 190 163 108 113 42 122 8 15 163 17 152 214 93 71 73 6 153 92 26 62 12 182 157 159
1 160 89 127 21 156 78 131 181 136 113 214 166 121 156 60 153 8 10 165 12 171 223 84 88 65 10 183 108 55 78 26 228 190 148
114 148 0 0 0 102 67 1 0 0 0 0 0 0 0 44 151 0 11 160 0 0 3 75 0 59 0 179 0 1 0 0 179 167 1
8 125 0 0 0 102 53 0 0 0 0 0 0 0 0 40 127 0 8 156 0 0 0 79 0 61 0 175 0 0 0 0 196 161 0
9 128 1 1 0 131 72 0 0 0 0 0 0 0 0 40 123 0 8 149 0 1 0 71 1 61 0 161 1 0 0 1 170 140 0
19 41 0 0 1 94 52 1 1 0 1 0 1 0 2 38 90 0 5 121 0 1 2 62 0 49 0 134 2 0 1 0 153 147 1
24 109 1 0 0 115 57 1 1 1 1 0 0 0 0 33 109 1 7 127 0 0 0 61 0 43 0 106 0 0 0 0 145 124 0
29 149 0 1 0 124 67 0 0 0 0 0 0 0 1 39 130 1 10 159 0 0 0 66 0 77 1 151 0 1 0 1 202 157 0
12 169 0 0 0 160 78 2 0 0 0 0 0 0 0 53 127 0 11 186 0 0 0 84 0 78 0 172 1 0 0 0 220 196 0
15 127 0 1 0 106 65 0 0 0 0 1 1 0 0 33 122 0 13 167 0 0 1 61 0 69 1 163 0 1 1 0 199 146 0
17 154 0 0 0 130 71 0 4 0 0 1 0 0 0 50 122 0 7 166 0 0 0 96 0 56 0 164 0 0 1 0 232 136 0
3 119 0 1 0 125 62 0 0 0 0 1 0 1 0 39 114 0 6 105 0 0 0 59 0 50 0 117 0 0 2 0 177 148 0
1 149 0 0 1 134 60 0 0 0 1 0 0 0 0 31 140 0 8 163 0 0 0 72 0 57 0 179 0 0 0 0 176 171 1
0 140 0 1 0 121 70 0 0 0 0 0 0 0 0 46 155 0 7 149 0 1 0 72 1 72 0 176 0 0 0 0 181 180 0
