370 320 209 280 443 295 173 257 340 300 273 444 361 251 275 125 304 45 34 344 75 369 492 178 440 245 366 352 229 161 149 441 393 359 352
383 294 149 252 399 269 141 220 302 265 221 409 323 208 237 86 279 13 8 311 10 343 400 143 354 188 325 303 201 101 111 381 364 341 287
322 234 135 212 320 231 122 205 270 243 186 341 289 168 219 71 266 10 14 233 11 328 444 127 312 176 308 314 164 92 104 370 331 274 260
316 292 137 205 352 256 138 203 261 226 210 294 273 196 202 73 230 9 15 239 9 278 372 140 310 145 285 284 175 82 117 282 347 288 259
401 359 165 267 429 271 165 257 336 287 239 445 336 219 307 82 319 8 18 357 16 381 486 161 404 216 393 351 222 100 117 400 432 332 352
430 312 153 252 420 249 184 252 339 263 235 426 338 188 244 75 301 13 23 285 14 349 434 148 364 227 366 366 184 102 125 366 406 307 295
374 329 157 214 425 240 148 218 283 284 231 382 355 204 252 92 308 18 19 322 14 344 421 163 341 186 355 352 216 95 132 408 386 300 333
359 272 149 217 359 248 128 172 288 213 179 358 313 169 203 83 241 15 17 303 18 330 383 133 328 175 320 291 172 92 102 353 341 266 257
354 296 137 233 348 252 125 232 307 235 241 383 358 198 253 99 281 19 18 293 17 352 441 136 378 199 330 333 209 80 112 377 384 314 277
317 257 122 217 331 221 138 178 277 201 162 323 285 194 229 79 227 17 14 292 18 293 401 135 348 166 313 304 180 91 95 316 331 285 274
454 350 185 279 415 302 174 256 356 265 248 466 378 245 290 97 304 23 22 365 19 411 514 163 394 231 412 404 233 105 152 415 433 369 361
399 335 153 274 446 303 152 215 345 273 218 423 346 249 279 80 309 14 16 354 12 395 448 153 402 216 394 387 228 120 131 403 458 351 316
376 287 146 236 422 246 164 204 287 261 196 377 304 213 241 88 263 17 21 280 17 328 382 166 355 204 285 279 176 82 106 381 387 319 305
381 268 154 233 350 252 149 225 302 223 192 396 296 199 260 69 303 14 10 296 10 336 418 146 338 196 345 282 180 82 110 399 355 294 269
269 224 109 190 312 204 120 194 268 212 188 321 249 189 210 72 239 11 20 243 17 272 384 127 312 146 275 251 160 83 95 290 302 270 242
337 276 143 232 375 239 142 215 271 221 172 376 311 191 229 73 244 17 14 301 19 288 410 134 340 171 316 336 173 79 106 316 352 294 285
419 362 178 283 436 307 191 243 379 300 259 470 390 244 298 107 329 27 25 371 32 388 531 183 439 230 397 400 231 114 155 449 457 391 310
473 404 197 292 493 351 217 243 380 295 255 511 432 293 292 159 371 31 35 398 56 411 517 205 464 290 413 441 252 165 131 478 477 453 366
356 289 160 244 351 262 162 192 292 217 203 383 298 193 225 78 245 10 12 298 20 327 451 141 372 181 331 305 231 97 105 394 353 335 297
379 243 141 237 378 258 158 217 258 243 214 348 268 201 230 74 273 18 18 294 25 325 439 148 385 225 309 316 208 100 112 383 370 320 276
367 284 154 228 376 284 145 197 302 254 193 363 316 213 228 74 297 15 16 288 19 334 435 146 326 232 342 320 177 91 110 389 375 299 255
330 231 124 214 364 199 129 198 289 225 171 308 286 182 207 56 244 7 14 286 14 283 392 120 306 177 332 306 179 77 98 332 397 291 264
393 274 159 214 383 272 144 228 286 236 205 382 280 206 220 76 294 6 15 331 24 293 399 141 353 202 353 346 176 85 115 355 405 316 297
325 268 164 204 359 219 161 196 251 199 185 325 288 170 203 72 238 8 15 291 16 261 392 116 320 195 286 316 180 88 109 366 330 287 289
318 231 152 221 340 226 152 182 260 236 186 332 283 186 227 72 234 13 16 283 23 274 397 137 312 170 293 285 181 75 99 296 331 302 264
351 312 152 232 358 255 142 217 272 237 178 406 325 176 218 76 289 22 20 307 26 289 418 140 345 196 329 334 207 83 113 373 349 338 280
265 250 102 177 276 176 119 170 235 183 152 329 258 165 200 75 225 9 10 251 19 282 327 124 280 142 248 292 141 78 96 276 298 237 223
394 296 143 224 351 266 158 198 309 261 186 373 321 184 265 81 270 15 20 317 22 347 458 166 353 192 305 350 208 74 111 368 404 323 317
386 332 163 230 370 289 153 227 290 274 221 395 317 222 246 76 271 17 26 330 19 298 422 173 347 218 336 381 214 66 114 378 389 327 309
440 318 212 259 410 283 189 267 366 291 238 418 383 253 299 97 313 14 20 330 18 374 463 167 405 228 363 356 227 106 150 420 448 354 308
352 290 158 243 373 231 165 226 315 259 227 382 354 221 233 93 308 18 22 328 10 339 471 151 381 181 294 355 185 99 139 387 371 328 281
374 285 137 235 349 238 126 228 328 227 209 382 294 200 252 83 254 18 17 288 25 302 450 143 355 176 332 359 212 98 130 404 384 350 305
376 279 165 214 380 241 128 211 328 276 215 348 328 188 244 75 283 11 13 316 22 322 428 143 377 195 305 323 182 87 111 334 376 290 284
312 242 126 172 323 219 119 175 254 230 187 334 299 175 223 72 213 14 16 233 9 284 329 104 300 156 254 297 141 84 84 332 292 284 286
271 233 128 208 323 217 132 184 252 198 185 298 261 187 202 68 250 13 14 250 14 302 349 115 271 146 256 262 166 92 89 298 314 239 222
359 264 153 229 368 249 147 244 290 250 197 413 305 232 247 87 287 17 18 329 24 352 445 137 358 214 345 324 195 107 135 375 389 319 273
423 361 178 302 489 315 180 275 378 292 263 456 357 235 319 106 302 18 25 363 30 423 555 161 440 246 355 390 245 109 145 480 440 376 339
369 257 127 254 350 238 133 212 281 256 228 361 289 202 223 81 253 15 18 309 21 322 401 124 340 210 336 330 205 76 141 390 379 290 255
373 327 163 247 357 283 164 213 319 282 228 457 339 207 238 82 285 18 16 361 14 363 477 161 433 228 384 335 229 97 124 459 445 300 333
308 241 125 164 332 231 125 180 251 210 179 338 266 183 205 71 237 12 14 233 15 293 372 119 313 160 293 246 154 76 106 326 342 279 226
381 306 162 201 370 289 149 229 325 228 216 410 339 210 230 70 287 17 14 320 15 356 458 151 372 186 322 330 214 92 94 351 367 327 309
375 307 171 216 365 256 144 204 323 265 209 401 332 186 250 70 271 14 14 279 13 325 457 152 368 202 318 333 191 102 109 379 367 351 279
