160 128 2 0 0 72 0 10 0 108 190 0 0 0 0 58 29 0 0 0 0 0 0 1 134 0 120 0 0 0 173 0 0
153 109 0 1 0 0 0 0 0 79 160 0 0 0 0 0 1 0 1 0 0 0 0 0 101 1 124 0 0 0 161 0 1
109 94 0 0 0 0 11 0 0 50 112 3 0 0 0 0 0 0 0 0 0 1 0 0 71 0 72 1 0 0 118 0 1
135 126 0 0 1 0 4 0 1 68 153 1 0 0 0 0 0 0 0 0 0 0 0 0 86 0 116 0 0 0 166 0 0
128 130 0 0 0 0 0 0 0 78 137 1 0 0 0 0 0 0 1 0 0 0 0 0 104 0 99 0 0 0 149 1 0
148 142 0 0 2 0 0 0 0 94 175 0 0 0 0 0 0 1 0 0 0 0 0 1 112 2 138 1 0 0 166 0 0
173 142 0 1 1 0 0 0 0 70 149 2 0 0 0 1 0 0 0 0 0 1 1 0 115 0 126 0 0 0 155 0 0
125 109 0 0 0 0 1 0 0 59 124 0 0 0 0 0 0 0 0 0 0 0 0 0 81 0 91 0 0 0 130 0 0
114 102 0 0 0 0 0 0 0 59 150 0 0 0 0 0 1 0 0 1 1 0 0 0 87 0 84 1 0 0 123 0 0
145 151 0 0 0 0 0 0 0 79 160 0 0 0 0 0 0 0 0 0 1 0 0 0 122 0 121 0 1 0 176 0 1
125 153 1 0 0 0 134 0 0 76 178 0 1 0 0 0 1 2 0 0 0 0 0 0 100 1 121 0 0 0 154 0 0
122 107 0 0 1 0 95 0 0 53 146 2 0 0 0 0 0 1 0 1 1 0 0 1 82 0 106 0 0 0 124 0 1
140 122 0 0 0 0 4 0 0 79 129 1 0 0 1 0 0 1 0 0 1 0 0 0 93 1 105 0 0 1 121 0 0
145 143 68 107 137 1 155 0 39 83 122 145 37 63 20 0 0 143 46 130 110 23 24 57 81 112 117 104 70 90 107 61 126
118 132 70 127 140 0 122 0 46 58 142 134 24 25 7 0 0 186 9 149 121 55 55 36 93 118 111 94 43 93 137 64 121
115 135 67 108 141 0 110 0 1 72 124 133 0 26 0 0 0 201 3 127 94 62 60 0 84 82 98 81 0 65 123 61 118
130 114 56 114 160 0 152 0 6 60 141 161 7 43 9 0 0 146 65 148 106 27 26 8 114 130 124 93 16 85 140 68 117
117 104 56 118 131 0 108 0 0 59 125 124 1 27 1 0 0 116 91 119 85 5 5 3 78 113 86 92 4 74 111 54 96
147 153 59 166 197 0 164 0 0 61 175 160 0 33 0 0 0 245 28 176 142 67 68 2 105 145 130 100 2 117 165 72 131
166 146 67 186 170 0 162 0 0 105 183 208 73 44 0 0 1 125 3 194 161 1 0 152 135 162 156 150 154 114 189 82 152
118 107 56 115 141 0 150 0 0 92 181 140 0 31 100 0 0 121 122 131 130 6 6 0 82 104 111 106 0 85 139 59 134
139 121 59 114 152 0 140 0 3 72 139 142 4 20 0 0 0 133 62 150 128 30 31 5 100 123 98 86 7 80 131 60 126
167 108 63 130 158 0 155 0 0 65 153 154 0 40 161 0 0 122 162 167 142 0 0 0 115 117 136 117 0 83 181 64 136
138 138 51 144 160 0 149 0 0 84 161 179 0 28 0 0 0 137 136 159 131 0 0 0 96 154 165 128 0 97 152 77 136
161 140 17 170 211 0 190 0 0 13 166 207 0 37 18 0 0 152 144 172 163 0 0 0 134 147 151 123 0 98 176 68 180
144 124 73 158 176 0 147 0 0 79 163 187 60 26 12 0 0 130 25 164 147 0 0 116 112 118 133 128 105 95 154 64 137
164 150 58 167 194 0 169 0 1 73 163 203 2 32 44 0 0 128 163 191 158 0 0 2 130 168 139 147 3 105 196 73 135
126 122 55 143 167 0 133 0 122 61 163 162 62 28 0 0 0 128 0 150 130 1 0 145 85 113 116 82 143 85 138 74 101
130 148 86 162 167 1 157 0 1 90 161 192 0 32 207 0 0 139 144 164 161 0 0 0 111 152 127 101 0 118 199 77 148
123 99 63 131 136 0 107 0 112 65 127 135 82 24 0 0 0 126 0 134 94 1 0 112 85 119 89 106 133 87 125 69 115
171 142 0 0 0 0 0 0 0 95 198 1 0 0 0 0 2 1 0 1 1 1 0 0 111 0 137 0 0 0 172 0 0
162 181 1 0 0 0 30 0 0 99 216 1 0 0 0 0 0 2 0 0 0 0 0 0 128 0 161 2 0 0 196 0 1
177 179 0 0 0 0 2 0 0 91 200 0 0 0 0 1 0 1 0 1 0 0 0 0 95 0 149 0 0 1 186 0 1
148 126 0 0 0 0 1 0 0 87 164 1 0 1 0 0 2 1 1 0 0 0 0 0 103 0 136 0 0 0 170 0 0
195 196 1 0 0 0 1 1 0 105 219 0 0 0 0 0 0 0 0 1 0 0 0 0 135 0 150 0 0 0 221 0 0
148 124 0 2 0 0 0 0 0 69 155 0 0 0 0 4 0 0 0 0 0 0 0 0 90 0 116 1 1 0 143 0 0
203 176 0 3 0 0 0 0 0 93 217 0 0 0 0 0 0 1 0 1 0 0 0 0 148 0 164 1 0 1 229 0 1
150 122 0 1 1 0 0 0 0 82 213 0 0 1 0 0 0 0 0 0 0 0 0 0 99 0 123 0 0 0 175 0 0
140 121 0 1 2 0 0 0 0 62 170 0 0 0 0 0 0 0 0 1 0 0 0 0 90 0 114 0 0 0 170 1 1
144 142 0 0 1 0 60 0 0 78 158 0 0 0 0 0 0 0 0 1 0 0 0 0 96 1 148 0 0 0 196 1 1
140 143 0 0 0 0 123 0 0 88 205 0 0 0 0 0 0 2 0 0 0 0 0 0 105 1 148 0 0 1 203 0 1
110 67 0 1 1 0 1 0 0 66 133 0 0 0 0 0 0 0 0 0 0 0 0 0 97 0 82 0 0 0 103 0 0
