1.0000 0.5281 0.3721 0.4954 0.5793 0.4945 0.4317 0.4553 0.0000 0.0000 0.0121 0.0000 0.0000 0.0000 0.0000 0.0000 0.0000 0.0000 0.0000 0.0000 0.0000 0.0000 0.0000 0.0031 0.0000 0.0000 0.0000 0.0000 0.0000 0.0000 0.1710 0.0433 0.1476 0.0769
1.0000 0.5240 0.4208 0.5374 0.4848 0.5101 0.4769 0.4806 0.0000 0.0000 0.0000 0.0033 0.0000 0.0000 0.0000 0.0000 0.0000 0.0039 0.0000 0.0000 0.0000 0.0028 0.0000 0.0000 0.0000 0.0000 0.0043 0.0000 0.0000 0.0000 0.0000 0.0000 0.0000 0.0030
1.0000 0.4504 0.5529 0.5495 0.4828 0.4702 0.4832 0.4876 0.0553 0.0000 0.0000 0.0000 0.0000 0.0113 0.0000 0.0000 0.0000 0.0000 0.0056 0.0000 0.0000 0.0039 0.0000 0.0000 0.0000 0.0000 0.0000 0.0000 0.0067 0.0000 0.0000 0.0000 0.0000 0.0000
1.0000 0.5000 0.4599 0.4416 0.4935 0.4574 0.5133 0.5030 0.0152 0.0000 0.0000 0.0000 0.0031 0.0032 0.0000 0.0000 0.0000 0.0000 0.0000 0.0000 0.0000 0.0000 0.0000 0.0000 0.0000 0.0038 0.0000 0.0000 0.0000 0.0000 0.0000 0.0000 0.0000 0.0000
1.0000 0.4848 0.4815 0.5065 0.4875 0.5333 0.5051 0.4885 0.0000 0.0000 0.0000 0.0000 0.0000 0.0031 0.0000 0.0000 0.0000 0.0000 0.0000 0.0000 0.0072 0.0000 0.0000 0.0000 0.0000 0.0000 0.0050 0.0000 0.0000 0.0000 0.0000 0.0000 0.0000 0.0000
1.0000 0.4759 0.4931 0.5251 0.5193 0.5258 0.5000 0.5220 0.0000 0.0041 0.0000 0.0000 0.0056 0.0000 0.0000 0.0000 0.0000 0.0064 0.0046 0.0000 0.0000 0.0000 0.0000 0.0033 0.0000 0.0000 0.0000 0.0000 0.0000 0.0000 0.0000 0.0000 0.0000 0.0000
1.0000 0.5767 0.4913 0.4667 0.4901 0.5275 0.5122 0.5290 0.0000 0.0000 0.0000 0.0036 0.0028 0.0059 0.0000 0.0000 0.0000 0.0000 0.0000 0.0000 0.0000 0.0000 0.0000 0.0000 0.0000 0.0000 0.0000 0.0000 0.0054 0.0054 0.0000 0.0000 0.0030 0.0000
1.0000 0.5040 0.4844 0.5514 0.4715 0.4070 0.5385 0.4727 0.0041 0.0000 0.0000 0.0000 0.0000 0.0000 0.0000 0.0000 0.0000 0.0000 0.0000 0.0000 0.0000 0.0000 0.0000 0.0000 0.0000 0.0000 0.0000 0.0000 0.0000 0.0000 0.0000 0.0000 0.0000 0.0000
1.0000 0.4524 0.4700 0.4797 0.5703 0.5088 0.4516 0.4900 0.0000 0.0000 0.0000 0.0000 0.0000 0.0000 0.0000 0.0038 0.0044 0.0000 0.0057 0.0000 0.0000 0.0000 0.0000 0.0000 0.0000 0.0000 0.0000 0.0000 0.0000 0.0000 0.0000 0.0000 0.0000 0.0040
1.0000 0.5216 0.5393 0.5448 0.4665 0.5105 0.5084 0.4796 0.0000 0.0000 0.0000 0.0000 0.0000 0.0000 0.0000 0.0000 0.0036 0.0000 0.0000 0.0000 0.0000 0.0025 0.0000 0.0000 0.0031 0.0000 0.0000 0.0000 0.0000 0.0000 0.0000 0.0000 0.0000 0.0000
1.0000 0.4902 0.5625 0.5630 0.5633 0.4831 0.4481 0.4798 0.4589 0.0079 0.0077 0.0000 0.0000 0.0000 0.0000 0.0000 0.0000 0.0032 0.0000 0.0000 0.0000 0.0000 0.0061 0.0000 0.0000 0.0000 0.0000 0.0000 0.0000 0.0000 0.0000 0.0000 0.0000 0.0031
1.0000 0.4939 0.4672 0.4732 0.5309 0.4385 0.5300 0.5103 0.3654 0.0048 0.0000 0.0000 0.0032 0.0066 0.0000 0.0031 0.0040 0.0000 0.0000 0.0000 0.0000 0.0033 0.0000 0.0038 0.0000 0.0000 0.0000 0.0000 0.0000 0.0000 0.0000 0.0000 0.0000 0.0000
1.0000 0.5072 0.4939 0.5448 0.5420 0.5225 0.4751 0.4783 0.0179 0.0050 0.0000 0.0000 0.0000 0.0033 0.0000 0.0000 0.0048 0.0045 0.0000 0.0055 0.0000 0.0000 0.0000 0.0000 0.0000 0.0000 0.0000 0.0026 0.0000 0.0000 0.0000 0.0000 0.0000 0.0000
1.0000 0.4303 0.4062 0.4171 0.3824 0.4010 0.5109 0.3664 0.4545 0.4554 0.4789 0.3463 0.4202 0.4073 0.3642 0.4114 0.3754 0.4211 0.4031 0.4147 0.3885 0.3342 0.1412 0.1787 0.2326 0.1226 0.1878 0.0430 0.0682 0.0710 0.0026 0.0000 0.0000 0.0000
1.0000 0.4387 0.5217 0.4265 0.4931 0.4721 0.4890 0.4597 0.4861 0.8052 0.5691 0.4792 0.4473 0.4254 0.3906 0.4730 0.4708 0.5043 0.4921 0.5284 0.4848 0.4116 0.1644 0.1358 0.1623 0.1723 0.0398 0.0152 0.2941 0.2941 0.0000 0.0000 0.0000 0.0000
1.0000 0.4656 0.5649 0.5373 0.5232 0.4970 0.5444 0.4556 0.4762 1.0000 0.5826 0.4500 0.4965 0.4926 0.4906 0.4456 0.4585 0.4162 0.4765 0.4779 0.4880 0.4720 0.0000 0.0000 0.0000 0.0045 0.0175 0.0000 0.4366 0.4286 0.0000 0.0000 0.0000 0.0000
1.0000 0.5179 0.4506 0.5042 0.5321 0.5229 0.5188 0.4560 0.5547 0.6952 0.4956 0.4790 0.4819 0.5016 0.5181 0.4884 0.4327 0.5138 0.4819 0.4857 0.4823 0.4062 0.0483 0.0287 0.0632 0.0226 0.2838 0.0216 0.1688 0.1605 0.0000 0.0000 0.0000 0.0000
1.0000 0.4958 0.4749 0.4574 0.5208 0.4671 0.5212 0.4512 0.5268 0.5421 0.5385 0.5198 0.4764 0.4593 0.4821 0.4312 0.3991 0.5256 0.5111 0.4205 0.4286 0.4138 0.0074 0.0116 0.0165 0.0000 0.4439 0.0029 0.0269 0.0269 0.0000 0.0000 0.0000 0.0000
1.0000 0.4696 0.5050 0.4150 0.5255 0.5048 0.5058 0.4970 0.5467 0.8909 0.4504 0.5108 0.4950 0.4969 0.4074 0.4632 0.5145 0.4708 0.4608 0.5223 0.4235 0.3786 0.0000 0.0059 0.0069 0.0000 0.0982 0.0000 0.3284 0.3317 0.0000 0.0000 0.0000 0.0000
1.0000 0.4756 0.4725 0.5469 0.5041 0.4982 0.4968 0.5040 0.4765 0.4496 0.4963 0.5487 0.4620 0.5187 0.4944 0.5000 0.5079 0.4836 0.5300 0.4935 0.4481 0.4108 0.4620 0.4578 0.4653 0.0000 0.0106 0.0000 0.0043 0.0000 0.0000 0.0000 0.0000 0.0026
1.0000 0.4504 0.4592 0.5823 0.5485 0.4162 0.5337 0.5305 0.5245 0.5450 0.4956 0.4475 0.4490 0.4667 0.4844 0.4564 0.4943 0.4094 0.4818 0.4670 0.5000 0.4098 0.0000 0.0000 0.0000 0.0000 0.4841 0.2353 0.0312 0.0312 0.0000 0.0000 0.0000 0.0000
1.0000 0.5110 0.4802 0.5373 0.4877 0.4950 0.5000 0.5000 0.5405 0.6617 0.4683 0.4419 0.4856 0.4863 0.3774 0.5226 0.4794 0.4920 0.4526 0.4545 0.4444 0.4118 0.0278 0.0176 0.0275 0.0126 0.2938 0.0000 0.1523 0.1582 0.0000 0.0000 0.0000 0.0000
1.0000 0.5661 0.4269 0.4779 0.4811 0.5374 0.5292 0.5435 0.5000 0.5148 0.4961 0.4693 0.4938 0.4968 0.5556 0.4855 0.5547 0.4875 0.5043 0.4439 0.4923 0.4331 0.0000 0.0000 0.0000 0.0000 0.5645 0.4193 0.0000 0.0000 0.0000 0.0000 0.0000 0.0000
1.0000 0.4742 0.4662 0.5600 0.5279 0.4571 0.5670 0.4368 0.4901 0.5037 0.4636 0.5275 0.4533 0.5296 0.3544 0.4862 0.5219 0.4920 0.5470 0.4974 0.4873 0.4211 0.0000 0.0000 0.0000 0.0000 0.5375 0.0000 0.0000 0.0000 0.0000 0.0000 0.0000 0.0000
1.0000 0.4835 0.4714 0.1327 0.4868 0.5057 0.5207 0.4571 0.5398 0.9268 0.2297 0.5015 0.4785 0.4726 0.5286 0.4611 0.5258 0.4375 0.4900 0.4537 0.4121 0.4545 0.0000 0.0000 0.0000 0.0000 0.5088 0.0354 0.0000 0.0000 0.0000 0.0000 0.0000 0.0000
1.0000 0.4768 0.4733 0.5000 0.5292 0.5022 0.5299 0.4858 0.4696 0.4981 0.5659 0.5163 0.4757 0.4883 0.3514 0.4672 0.4757 0.4937 0.5565 0.4481 0.4476 0.4215 0.4110 0.3854 0.3918 0.0000 0.1000 0.0257 0.0000 0.0000 0.0000 0.0000 0.0000 0.0000
1.0000 0.4824 0.4808 0.5448 0.4711 0.5058 0.4843 0.4678 0.5137 0.4904 0.4496 0.5235 0.4630 0.4892 0.4776 0.4860 0.4984 0.5091 0.5506 0.5330 0.3925 0.4154 0.0112 0.0053 0.0092 0.0034 0.5344 0.0854 0.0000 0.0000 0.0000 0.0000 0.0000 0.0000
1.0000 0.4599 0.4861 0.4485 0.5158 0.4404 0.5395 0.4726 0.4981 0.5267 0.5046 0.5089 0.5154 0.5209 0.5091 0.4934 0.4869 0.4612 0.4162 0.4749 0.5175 0.3741 0.4593 0.5370 0.5257 0.5304 0.0000 0.0000 0.0056 0.0000 0.0000 0.0000 0.0000 0.0000
1.0000 0.4610 0.4950 0.5056 0.4587 0.4955 0.5100 0.5209 0.5251 0.5187 0.5584 0.5015 0.4538 0.4974 0.4384 0.4795 0.5127 0.4648 0.4509 0.5438 0.4667 0.4431 0.0000 0.0000 0.0000 0.0039 0.5353 0.4490 0.0000 0.0000 0.0026 0.0000 0.0000 0.0000
1.0000 0.5190 0.4877 0.4924 0.4847 0.4775 0.4863 0.4789 0.5000 0.5408 0.5780 0.5240 0.4945 0.5000 0.4528 0.4803 0.4870 0.5265 0.5730 0.4462 0.4600 0.4528 0.5256 0.4746 0.4926 0.5411 0.0000 0.0000 0.0057 0.0000 0.0000 0.0000 0.0000 0.0000
1.0000 0.4831 0.4846 0.4750 0.5470 0.4644 0.4448 0.4538 0.0000 0.0032 0.0000 0.0000 0.0000 0.0023 0.0000 0.0024 0.0029 0.0000 0.0000 0.0000 0.0000 0.0000 0.0000 0.0000 0.0000 0.0000 0.0000 0.0000 0.0042 0.0000 0.0000 0.0000 0.0000 0.0056
1.0000 0.4954 0.5308 0.4925 0.5143 0.5141 0.5127 0.4792 0.0847 0.0065 0.0070 0.0000 0.0000 0.0023 0.0000 0.0000 0.0000 0.0000 0.0074 0.0000 0.0000 0.0022 0.0000 0.0000 0.0000 0.0000 0.0000 0.0000 0.0000 0.0000 0.0000 0.0000 0.0000 0.0000
1.0000 0.5175 0.5296 0.4840 0.5168 0.4025 0.4700 0.4615 0.0054 0.0033 0.0000 0.0000 0.0000 0.0000 0.0000 0.0024 0.0000 0.0000 0.0000 0.0044 0.0000 0.0025 0.0000 0.0000 0.0000 0.0000 0.0000 0.0000 0.0000 0.0000 0.0000 0.0000 0.0025 0.0000
1.0000 0.4966 0.4791 0.5088 0.4699 0.4498 0.4789 0.4607 0.0035 0.0039 0.0000 0.0000 0.0000 0.0027 0.0122 0.0000 0.0000 0.0000 0.0000 0.0000 0.0000 0.0000 0.0000 0.0000 0.0000 0.0000 0.0043 0.0000 0.0000 0.0000 0.0000 0.0000 0.0000 0.0057
1.0000 0.4779 0.4667 0.5198 0.4932 0.4561 0.5000 0.4682 0.0022 0.0000 0.0067 0.0000 0.0000 0.0000 0.0000 0.0021 0.0000 0.0000 0.0000 0.0000 0.0000 0.0000 0.0000 0.0000 0.0000 0.0000 0.0000 0.0000 0.0000 0.0000 0.0000 0.0051 0.0000 0.0000
1.0000 0.5461 0.4576 0.4825 0.5049 0.5172 0.5000 0.5238 0.0000 0.0000 0.0000 0.0064 0.0000 0.0000 0.0000 0.0000 0.0000 0.0000 0.0047 0.0000 0.0000 0.0000 0.0000 0.0000 0.0034 0.0000 0.0000 0.0000 0.0000 0.0000 0.0000 0.0000 0.0129 0.0000
1.0000 0.4743 0.5000 0.4769 0.5047 0.5362 0.4910 0.4883 0.0000 0.0028 0.0000 0.0080 0.0000 0.0000 0.0000 0.0021 0.0000 0.0000 0.0032 0.0034 0.0000 0.0022 0.0000 0.0000 0.0000 0.0000 0.0000 0.0000 0.0000 0.0000 0.0000 0.0000 0.0000 0.0000
1.0000 0.5137 0.4342 0.5325 0.5726 0.4975 0.4805 0.5178 0.0000 0.0000 0.0000 0.0036 0.0026 0.0000 0.0123 0.0000 0.0000 0.0000 0.0000 0.0000 0.0000 0.0000 0.0000 0.0000 0.0000 0.0000 0.0000 0.0000 0.0000 0.0000 0.0000 0.0000 0.0000 0.0000
1.0000 0.4762 0.4708 0.4882 0.5466 0.4737 0.4914 0.4871 0.0000 0.0000 0.0000 0.0035 0.0057 0.0000 0.0000 0.0032 0.0000 0.0000 0.0000 0.0000 0.0063 0.0028 0.0000 0.0000 0.0000 0.0000 0.0000 0.0000 0.0000 0.0000 0.0000 0.0000 0.0000 0.0000
1.0000 0.4816 0.4437 0.4671 0.5097 0.4444 0.4933 0.5341 0.1948 0.0000 0.0000 0.0000 0.0024 0.0000 0.0000 0.0026 0.0000 0.0030 0.0000 0.0000 0.0056 0.0024 0.0000 0.0000 0.0000 0.0000 0.0000 0.0000 0.0000 0.0000 0.0000 0.0000 0.0000 0.0000
1.0000 0.4516 0.5000 0.4513 0.5438 0.4321 0.4966 0.5286 0.3545 0.0067 0.0000 0.0000 0.0000 0.0000 0.0000 0.0000 0.0000 0.0030 0.0000 0.0039 0.0000 0.0023 0.0000 0.0000 0.0000 0.0000 0.0000 0.0000 0.0000 0.0000 0.0000 0.0000 0.0000 0.0000
1.0000 0.4955 0.3436 0.5197 0.4854 0.5740 0.4205 0.4478 0.0043 0.0000 0.0000 0.0041 0.0036 0.0000 0.0000 0.0000 0.0000 0.0000 0.0000 0.0000 0.0000 0.0000 0.0000 0.0000 0.0000 0.0000 0.0000 0.0000 0.0000 0.0000 0.0000 0.0000 0.0000 0.0000
