303 344 165 337 411 421 358 231 377 218 328 397 274 129 531 393 377 328 343 432 316 306 303 323 271 358 278 305 351 255 380 173 442
292 259 115 302 365 344 265 164 239 147 330 342 170 78 468 318 334 282 230 350 285 221 224 277 198 258 260 226 299 230 335 154 354
242 170 101 210 270 241 199 109 195 91 232 266 100 34 313 234 231 168 197 249 185 149 148 242 151 197 149 179 257 149 242 132 259
270 274 130 328 326 352 263 179 263 154 310 313 142 81 444 318 316 267 245 348 251 208 207 279 188 268 226 198 283 185 330 137 345
264 270 117 276 327 315 259 151 228 154 281 320 136 66 421 273 301 252 199 338 274 176 179 296 195 236 196 213 280 201 305 138 322
311 288 127 304 358 379 322 170 285 179 337 336 150 84 519 330 346 244 283 371 296 250 245 300 213 312 276 218 309 230 318 185 419
300 289 141 281 356 318 284 164 246 150 304 339 151 85 435 329 334 241 257 395 280 185 185 330 218 271 246 248 362 228 293 158 360
248 225 97 274 276 281 245 124 218 107 263 309 115 62 354 250 249 217 207 287 251 176 176 252 199 268 169 192 239 184 275 147 332
252 217 98 254 291 246 244 129 207 123 263 273 110 57 328 252 253 199 168 263 228 163 163 238 171 227 186 174 236 165 251 132 263
278 280 109 306 400 357 286 153 268 145 343 353 164 75 461 321 335 277 243 357 276 222 221 300 239 283 238 224 322 205 367 174 397
255 272 130 278 353 328 292 150 265 135 316 345 165 73 408 312 325 253 234 344 261 192 191 273 207 312 270 228 292 206 321 167 359
247 229 119 225 315 307 260 123 235 112 275 302 152 65 398 312 273 209 203 321 247 177 176 260 187 256 200 170 275 156 243 132 307
276 247 95 265 326 312 223 146 246 145 238 302 126 64 389 238 293 202 238 323 210 158 156 253 178 221 221 184 273 182 253 162 286
337 352 142 309 326 383 341 301 318 199 319 356 262 173 465 380 301 314 245 316 293 337 338 319 202 266 229 258 301 217 292 157 377
269 253 123 265 313 299 251 155 267 136 288 315 146 64 461 294 300 231 226 315 257 187 187 265 197 234 227 191 265 176 298 132 294
247 239 115 240 284 279 231 133 224 134 237 270 116 53 347 279 265 201 171 285 205 142 140 233 169 197 180 170 246 136 270 125 250
251 253 113 238 332 301 274 129 266 119 265 321 145 83 416 292 290 210 229 303 245 160 162 279 218 253 239 193 253 175 307 141 288
236 219 104 227 275 256 205 147 198 129 240 270 135 56 349 255 279 214 205 276 213 186 186 258 167 215 165 180 242 176 246 126 232
313 303 131 325 398 377 300 175 286 147 333 322 148 81 528 319 355 275 285 380 276 204 205 340 208 308 257 217 291 224 332 170 346
349 309 135 339 368 375 340 193 284 192 363 401 158 89 532 334 379 278 282 388 317 230 231 332 271 335 314 283 331 231 375 183 370
262 233 113 257 314 311 286 127 244 158 330 300 125 64 425 315 304 222 252 287 263 192 192 299 197 254 208 220 290 182 262 118 327
272 252 126 258 313 315 259 125 239 134 285 292 144 53 441 297 254 201 211 287 267 197 196 284 202 250 196 190 255 176 262 135 306
295 253 127 277 320 332 310 164 267 136 318 310 150 72 384 290 320 237 287 344 256 201 203 289 214 240 257 232 339 187 333 130 314
291 296 110 273 353 332 304 151 285 150 305 338 178 79 455 329 311 272 253 327 251 221 224 327 210 313 291 234 332 195 348 158 323
333 297 74 339 441 419 352 203 177 98 341 438 196 70 509 426 367 164 283 373 310 224 221 362 265 336 290 251 356 216 385 165 396
302 262 129 306 370 353 313 167 225 158 308 383 146 74 467 341 339 261 250 351 309 217 219 301 223 239 251 230 268 212 317 143 325
340 312 129 319 419 398 329 163 292 134 346 415 178 67 515 350 376 261 305 393 317 214 214 376 257 330 287 267 326 197 419 186 325
274 251 109 281 324 312 267 129 230 136 316 311 135 55 406 292 285 243 217 304 267 179 178 270 193 245 215 197 272 179 292 143 270
282 299 154 323 368 390 299 202 256 178 351 386 161 73 461 334 329 268 269 342 314 200 199 331 224 327 249 224 361 217 382 165 334
237 203 109 250 275 269 214 114 207 132 262 270 156 53 388 230 265 233 201 279 193 176 173 236 178 226 183 185 270 195 261 150 254
354 293 135 321 409 409 315 181 296 200 362 442 176 99 559 376 358 317 269 416 339 240 237 380 239 317 308 266 377 239 379 214 412
327 341 143 355 466 395 354 190 319 201 420 437 175 104 547 382 364 306 287 394 345 226 228 407 249 362 314 270 419 245 409 177 457
342 338 155 363 452 446 370 171 352 188 387 442 181 90 541 397 440 301 245 414 365 255 253 377 236 384 317 291 370 229 403 179 403
298 263 133 347 413 368 289 168 311 171 349 374 153 82 537 340 348 258 231 366 273 263 261 325 229 292 284 262 319 226 369 159 390
408 420 150 391 511 525 459 196 376 202 444 501 222 89 632 397 472 329 322 476 408 282 281 432 296 377 300 308 446 280 472 240 480
271 271 121 311 367 343 272 180 289 143 307 359 150 78 440 311 346 264 239 336 268 188 185 309 174 289 232 211 291 198 273 181 301
428 352 137 375 464 457 407 237 341 195 430 502 214 110 592 416 474 355 321 471 390 262 260 431 276 405 334 314 344 295 469 244 464
292 281 125 281 378 347 305 158 262 154 372 349 146 81 483 351 356 265 219 356 300 217 217 333 199 275 256 233 301 238 338 150 369
294 257 109 287 348 327 305 145 278 127 311 364 152 74 466 301 335 239 250 313 263 205 202 305 190 273 232 225 284 203 349 159 352
299 320 122 341 416 363 308 154 313 167 310 380 159 77 479 318 355 261 254 379 301 214 212 332 216 328 300 251 284 227 367 179 411
310 286 155 356 410 376 347 203 364 195 377 439 204 105 551 369 417 300 241 384 337 239 240 365 243 328 298 291 361 256 384 200 432
222 195 82 245 280 237 231 122 194 127 274 261 131 57 342 223 251 181 172 243 182 149 147 217 169 209 195 159 236 141 230 130 243
