0 25 
25 26 
26 17 10 
10 18 
18 24 
14 19 
24 14 
19 4 
4 15 
15 12 
5 1 
6 22 
12 6 
22 7 
7 5 
9 11 
17 9 
1 13 
13 21 
2 8 
16 2 
11 16 
3 20 
21 3 
8 59 23 
20 36 
23 42 148 27 130 331 351 
360 353 
353 358 
36 360 
358 359 
357 354 
355 356 
354 355 
359 357 
356 343 
343 341 
341 314 345 
351 328 342 
342 35 337 
345 349 
349 338 
346 76 350 
344 340 
339 346 
348 344 
350 348 
338 339 
347 352 
340 347 
352 215 332 
332 121 
337 335 
335 94 336 
121 185 
331 
321 313 
314 321 
317 315 
315 323 
35 80 
323 322 
329 327 
313 324 
318 320 
185 217 
334 333 
328 329 
324 317 
322 325 
168 308 
320 361 
327 319 
336 334 
319 316 
333 234 
150 193 
183 192 
80 110 
361 326 
110 119 
326 151 
239 183 
267 330 
192 207 
325 318 
187 150 
193 152 
130 
59 
172 287 
225 156 
58 257 
235 277 
119 111 
258 210 
330 164 
238 283 
254 155 
207 286 
68 89 
188 258 
286 262 
257 177 
40 105 
152 230 
288 188 
191 227 
27 
299 176 
177 290 
176 169 
75 51 
31 220 
211 30 
205 239 
228 205 
169 278 
245 274 
111 120 
316 126 
298 248 
230 264 
209 289 
133 146 
256 275 
128 134 
231 228 
302 173 
173 167 
244 209 
89 72 
234 168 
215 178 
217 231 
178 58 
290 180 
266 170 
255 213 
275 235 
120 55 
126 140 
28 84 
33 284 
270 288 
198 279 
308 187 
227 263 
264 244 
287 302 
306 174 
242 247 
310 179 
295 307 
201 212 
55 68 
208 71 
156 311 
52 78 
282 267 
179 299 
148 
203 154 
246 186 
247 243 
312 268 
34 229 
155 270 
170 255 
200 194 
194 298 
30 252 
289 310 
277 159 
72 62 
62 40 
243 266 
311 242 
164 172 
105 115 
142 127 
221 195 
294 312 
229 160 
166 196 
278 225 
232 99 
160 291 
262 254 
279 202 
250 33 
307 198 
210 271 
140 128 
70 112 
182 208 
134 142 
161 214 
303 281 
271 282 
84 102 
167 203 
213 306 
263 182 
273 249 
143 138 
131 149 
280 237 
276 292 
212 240 
29 236 
158 246 
216 293 
175 56 
251 211 
71 201 
305 265 
99 218 
219 296 
154 256 
112 162 
159 200 
241 224 
196 272 
180 232 
163 191 
186 216 
151 280 
115 63 
65 303 
56 163 
39 101 
233 238 
63 81 
272 261 
260 184 
240 305 
129 125 
222 241 
249 34 
78 82 
43 95 
274 189 
189 260 
48 43 
281 300 
220 273 
197 253 
236 161 
218 175 
106 47 
293 251 
248 245 
199 181 
136 129 
252 250 
144 143 
237 199 
300 157 
53 57 
224 309 
284 165 
309 190 
81 96 
269 48 
47 93 
93 269 
291 276 
165 221 
202 304 
214 52 
226 297 
171 197 
146 135 
46 39 
95 46 
265 31 
108 73 
304 226 
184 158 
127 144 
204 259 
297 32 
98 113 
261 222 
253 294 
90 106 
102 107 
223 204 
206 219 
51 69 
153 223 
181 29 
174 295 
147 122 
125 132 
190 153 
87 28 
301 70 
42 
259 171 
268 301 
85 108 
135 136 
96 104 
292 233 
79 85 
104 66 
73 92 
123 141 
195 166 
296 75 
283 206 
138 131 
92 87 
101 79 
137 139 
132 147 
139 133 
157 90 
103 118 
122 123 
82 49 
66 74 
109 67 
149 137 
162 65 
74 53 
107 98 
116 37 
32 285 
60 45 
145 124 
57 50 
67 117 
113 114 
141 145 
114 61 
44 
117 44 
285 109 
37 64 
49 103 
124 38 
83 77 
50 100 
69 60 
118 83 
94 116 
41 
100 
45 97 
91 
76 41 
61 
38 
77 88 
64 91 
88 86 
54 
97 54 
86 
