1.0000 0.4610 0.3815 0.4720 0.4408 0.4706 0.4564 0.4494 0.4602 0.4835 0.4262 0.3812 0.0102 0.0268 0.0059 0.0000 0.0000 0.0000 0.0000 0.0027 0.0000 0.0000 0.0000 0.0000 0.0000 0.0000 0.0000 0.0044 0.0000 0.0000 0.0000 0.0000 0.2486
1.0000 0.4981 0.4539 0.3953 0.5018 0.5000 0.5145 0.5035 0.4587 0.5027 0.5220 0.4354 0.0025 0.0270 0.0000 0.0000 0.0000 0.0000 0.0000 0.0000 0.0000 0.0000 0.0000 0.0045 0.0000 0.0000 0.0000 0.0000 0.0000 0.0000 0.0000 0.0000 0.4621
1.0000 0.4502 0.5000 0.3944 0.5038 0.5000 0.5622 0.5039 0.4936 0.4773 0.4672 0.4316 0.0000 0.0096 0.0000 0.0000 0.0000 0.0000 0.0000 0.0000 0.0000 0.0000 0.0000 0.0000 0.0000 0.0000 0.0000 0.0000 0.0000 0.0000 0.0000 0.0000 0.2919
1.0000 0.5078 0.3623 0.5205 0.4435 0.3333 0.4937 0.5214 0.4894 0.4467 0.5729 0.3973 0.0591 0.1026 0.0000 0.0000 0.0073 0.0102 0.0000 0.0000 0.0000 0.0000 0.0000 0.0000 0.0000 0.0048 0.0000 0.0000 0.0000 0.0000 0.0000 0.0000 0.1772
1.0000 0.5129 0.4000 0.4756 0.4828 0.5000 0.4846 0.4783 0.4416 0.4421 0.5030 0.3148 0.0000 0.0000 0.0030 0.0045 0.0000 0.0000 0.0000 0.0000 0.0000 0.0000 0.0000 0.0039 0.0070 0.0042 0.0000 0.0000 0.0000 0.0000 0.0000 0.0000 0.3092
1.0000 0.5221 0.5054 0.4533 0.4884 0.5652 0.4351 0.5000 0.4563 0.4926 0.4853 0.5192 0.0023 0.0000 0.0000 0.0000 0.0000 0.0000 0.0000 0.0000 0.0068 0.0000 0.0000 0.0000 0.0038 0.0000 0.0000 0.0000 0.0000 0.0000 0.0000 0.0000 0.1744
1.0000 0.4542 0.4189 0.5000 0.4675 0.3684 0.5062 0.5644 0.5028 0.4560 0.4967 0.4985 0.0095 0.0152 0.0000 0.0000 0.0000 0.0000 0.0040 0.0000 0.0000 0.0000 0.0000 0.0000 0.0000 0.0000 0.0000 0.0000 0.0000 0.0000 0.0000 0.0000 0.3369
1.0000 0.5081 0.5391 0.5301 0.4481 0.3529 0.4587 0.5038 0.4914 0.4868 0.4699 0.4375 0.0000 0.0000 0.0000 0.0000 0.0000 0.0000 0.0000 0.0000 0.0000 0.0000 0.0000 0.0058 0.0000 0.0000 0.0000 0.0000 0.0000 0.0000 0.0000 0.0000 0.2758
1.0000 0.5159 0.4400 0.6566 0.4769 0.5000 0.5119 0.4779 0.5105 0.4635 0.4745 0.4932 0.0023 0.0000 0.0000 0.0000 0.0000 0.0000 0.0040 0.0000 0.0000 0.0000 0.0000 0.0000 0.0043 0.0000 0.0000 0.0000 0.0000 0.0000 0.0000 0.0000 0.3023
1.0000 0.4615 0.3623 0.5570 0.5507 0.3571 0.4863 0.5481 0.4803 0.4411 0.5088 0.5331 0.0000 0.0000 0.0000 0.0062 0.0000 0.0000 0.0000 0.0000 0.0000 0.0000 0.0000 0.0000 0.0000 0.0000 0.0000 0.0000 0.0000 0.0000 0.0000 0.0000 0.1514
1.0000 0.4371 0.3966 0.4845 0.5296 0.3636 0.5151 0.4356 0.4926 0.4965 0.5095 0.4714 0.0000 0.0000 0.0028 0.0000 0.0000 0.0000 0.0000 0.0049 0.0000 0.0000 0.0000 0.0000 0.0000 0.0000 0.0000 0.0043 0.0000 0.0024 0.0000 0.0000 0.0198
1.0000 0.4719 0.4342 0.5375 0.5210 0.5000 0.5141 0.5556 0.4419 0.4934 0.5299 0.4567 0.0000 0.0000 0.0000 0.0000 0.0000 0.0000 0.0000 0.0000 0.0000 0.0000 0.0000 0.0000 0.0000 0.0000 0.0000 0.0000 0.0000 0.0000 0.0000 0.0000 0.0100
1.0000 0.4878 0.4451 0.5227 0.4639 0.5714 0.4643 0.5301 0.5018 0.4677 0.5235 0.4634 0.0000 0.0000 0.0000 0.0000 0.0000 0.0000 0.0041 0.0061 0.0000 0.0068 0.0000 0.0000 0.0000 0.0000 0.0000 0.0000 0.0000 0.0000 0.0000 0.0000 0.0000
1.0000 0.4802 0.5034 0.5072 0.4620 0.5000 0.4865 0.4658 0.4610 0.5155 0.4932 0.5299 0.0000 0.0000 0.0000 0.0000 0.0000 0.0000 0.0000 0.0000 0.0000 0.0000 0.0000 0.0000 0.0000 0.0000 0.0000 0.0056 0.0000 0.0000 0.0000 0.0000 0.0000
1.0000 0.4706 0.4000 0.5417 0.5188 0.4500 0.5185 0.4882 0.5179 0.5099 0.5815 0.5179 0.0000 0.0000 0.0000 0.0031 0.0000 0.0053 0.0000 0.0000 0.0000 0.0000 0.0000 0.0000 0.0000 0.0000 0.0000 0.0125 0.0000 0.0000 0.0000 0.0000 0.0037
1.0000 0.4937 0.4577 0.5068 0.4754 0.4286 0.4551 0.5448 0.4643 0.4858 0.5204 0.2029 0.0000 0.0000 0.0037 0.0000 0.0000 0.0000 0.0000 0.0000 0.0000 0.0000 0.0000 0.0000 0.0000 0.0000 0.0000 0.0000 0.0000 0.0000 0.0000 0.0000 0.2226
1.0000 0.4984 0.4764 0.5327 0.4498 0.5200 0.5013 0.5301 0.4925 0.4814 0.5115 0.5000 0.0019 0.0000 0.0000 0.0000 0.0000 0.0000 0.0000 0.0000 0.0000 0.0000 0.0000 0.0000 0.0000 0.0000 0.0000 0.0043 0.0000 0.0022 0.0000 0.0000 0.0621
1.0000 0.4986 0.3963 0.4780 0.4744 0.4000 0.4497 0.4780 0.4535 0.4361 0.4592 0.4827 0.4894 0.4275 0.4868 0.4697 0.4051 0.4642 0.4555 0.4915 0.4809 0.4873 0.4795 0.4280 0.4169 0.4078 0.3929 0.4603 0.4545 0.2762 0.2373 0.1114 0.0021
1.0000 0.4580 0.4691 0.5000 0.5143 0.3333 0.4430 0.5106 0.4984 0.5127 0.4896 0.5052 0.4590 0.5714 0.5377 0.4726 0.5000 0.4870 0.4711 0.5566 0.5219 0.5188 0.4508 0.4740 0.4101 0.4581 0.4000 0.5022 0.4639 0.0127 0.0142 0.0060 0.0084
1.0000 0.4922 0.4241 0.5000 0.4908 0.5556 0.5340 0.5676 0.4589 0.4324 0.4469 0.5103 0.4806 0.5179 0.4651 0.5029 0.4701 0.5622 0.5087 0.5046 0.4855 0.4610 0.4346 0.4608 0.4444 0.4112 0.5200 0.5048 0.4800 0.1227 0.0476 0.0356 0.0000
1.0000 0.5000 0.4138 0.5541 0.5185 0.3125 0.5347 0.4726 0.4531 0.5173 0.5318 0.5141 0.4851 0.5364 0.4967 0.4876 0.5063 0.5117 0.5175 0.4222 0.4902 0.4416 0.5307 0.5127 0.4528 0.5078 0.5263 0.4463 0.5055 0.0154 0.0080 0.0000 0.0054
1.0000 0.5226 0.4109 0.3036 0.5246 0.5000 0.4650 0.5583 0.5131 0.4761 0.4467 0.4416 0.4668 0.6122 0.4706 0.4643 0.4965 0.4670 0.4589 0.4629 0.5000 0.4355 0.4626 0.4697 0.4711 0.5263 0.6429 0.4246 0.5195 0.0482 0.0000 0.0000 0.0030
1.0000 0.4853 0.3750 0.4605 0.4558 0.6667 0.5408 0.4539 0.4711 0.4963 0.4525 0.4781 0.5063 0.5130 0.4650 0.4895 0.5393 0.4563 0.4318 0.4437 0.4242 0.5283 0.5093 0.4430 0.5042 0.5220 0.3750 0.5114 0.4941 0.2620 0.2428 0.0283 0.0000
1.0000 0.4749 0.4037 0.4861 0.5042 0.4667 0.5533 0.4655 0.5000 0.4727 0.5296 0.5485 0.5204 0.6422 0.4861 0.4369 0.4722 0.5059 0.4975 0.5172 0.4810 0.4878 0.3529 0.4643 0.4673 0.4757 0.5000 0.5056 0.4545 0.0027 0.0028 0.0000 0.0000
1.0000 0.4956 0.4408 0.4444 0.5000 0.3750 0.4770 0.5036 0.4632 0.4743 0.5166 0.4502 0.5038 0.4949 0.4846 0.4789 0.4700 0.5323 0.5330 0.4526 0.4470 0.4539 0.4118 0.4451 0.4576 0.5000 0.3913 0.4641 0.6667 0.1284 0.0912 0.0683 0.0000
1.0000 0.4824 0.4577 0.5000 0.4810 0.4500 0.4593 0.5071 0.4521 0.4699 0.4970 0.4744 0.5335 0.4513 0.5037 0.4409 0.4738 0.5114 0.4220 0.4948 0.5179 0.4539 0.4784 0.4793 0.5021 0.5281 0.5000 0.4734 0.4819 0.1314 0.1257 0.0122 0.0000
1.0000 0.4318 0.5042 0.4933 0.4311 1.0000 0.5299 0.4839 0.5479 0.5034 0.5401 0.5080 0.4495 0.4896 0.4043 0.4833 0.4767 0.4545 0.4900 0.4610 0.4395 0.4608 0.5311 0.3588 0.4863 0.4868 0.3684 0.5106 0.3846 0.1413 0.0725 0.0565 0.0000
1.0000 0.4511 0.4557 0.4815 0.4963 0.6000 0.5426 0.5542 0.5429 0.4851 0.5294 0.4899 0.5022 0.5045 0.4337 0.4879 0.4517 0.4783 0.4604 0.4813 0.5174 0.4755 0.5268 0.5303 0.4943 0.4355 0.5909 0.3894 0.4054 0.0924 0.0313 0.0230 0.0000
1.0000 0.4464 0.4314 0.5526 0.4502 0.5769 0.4939 0.5376 0.4016 0.4679 0.4801 0.5060 0.5071 0.5439 0.4586 0.4810 0.5142 0.4865 0.4593 0.5101 0.5146 0.4049 0.4826 0.4626 0.5401 0.4208 0.8947 0.4299 0.3939 0.0317 0.0216 0.0179 0.0000
1.0000 0.5512 0.4127 0.6186 0.4888 0.5000 0.5000 0.5030 0.5140 0.5089 0.5367 0.5031 0.4816 0.5200 0.4945 0.5120 0.4334 0.4783 0.5217 0.4572 0.4805 0.4198 0.4903 0.4906 0.4674 0.4748 0.6667 0.4758 0.5189 0.0619 0.0512 0.0275 0.0023
1.0000 0.4416 0.4061 0.4731 0.4903 0.5000 0.4878 0.4967 0.5042 0.4825 0.5091 0.5103 0.0064 0.0000 0.0000 0.0000 0.0000 0.0000 0.0000 0.0000 0.0036 0.0000 0.0000 0.0044 0.0000 0.0000 0.0000 0.0000 0.0101 0.0000 0.0000 0.0000 0.3239
1.0000 0.4286 0.4206 0.4819 0.5000 0.4706 0.5417 0.5524 0.4875 0.5104 0.4600 0.4386 0.0000 0.0000 0.0000 0.0000 0.0000 0.0000 0.0000 0.0000 0.0000 0.0000 0.0000 0.0000 0.0000 0.0000 0.0000 0.0000 0.0000 0.0000 0.0000 0.0000 0.0214
1.0000 0.5436 0.5625 0.5333 0.4346 0.6154 0.4715 0.4965 0.4985 0.4521 0.4828 0.4588 0.0000 0.0000 0.0000 0.0000 0.0000 0.0000 0.0000 0.0031 0.0000 0.0061 0.0047 0.0000 0.0000 0.0000 0.0000 0.0055 0.0000 0.0030 0.0000 0.0000 0.0239
1.0000 0.4292 0.4370 0.5278 0.4225 0.3125 0.5193 0.5962 0.4512 0.5240 0.5176 0.1694 0.0061 0.0119 0.0039 0.0000 0.0033 0.0000 0.0090 0.0035 0.0035 0.0000 0.0000 0.0057 0.0000 0.0053 0.0000 0.0142 0.0000 0.0000 0.0031 0.0000 0.0609
1.0000 0.5300 0.4318 0.4853 0.4360 0.5000 0.5080 0.5304 0.4046 0.4618 0.5188 0.4678 0.0000 0.0000 0.0040 0.0000 0.0000 0.0000 0.0000 0.0000 0.0000 0.0078 0.0000 0.0054 0.0051 0.0054 0.0000 0.0000 0.0000 0.0000 0.0000 0.0000 0.0886
1.0000 0.4980 0.4558 0.4483 0.4530 0.5556 0.4833 0.4818 0.4660 0.5193 0.4922 0.5644 0.0000 0.0000 0.0000 0.0000 0.0000 0.0000 0.0040 0.0000 0.0000 0.0000 0.0044 0.0000 0.0000 0.0000 0.0000 0.0000 0.0093 0.0027 0.0000 0.0029 0.0808
1.0000 0.5079 0.4333 0.5000 0.4205 0.4400 0.5124 0.5217 0.4410 0.5000 0.5213 0.4681 0.0000 0.0000 0.0000 0.0000 0.0000 0.0000 0.0000 0.0000 0.0000 0.0000 0.0000 0.0073 0.0000 0.0000 0.0000 0.0041 0.0000 0.0000 0.0000 0.0000 0.0284
1.0000 0.4454 0.4887 0.4074 0.4822 0.7222 0.5405 0.4919 0.4939 0.5251 0.5034 0.4942 0.0025 0.0071 0.0000 0.0028 0.0035 0.0000 0.0000 0.0000 0.0000 0.0000 0.0039 0.0000 0.0000 0.0000 0.0000 0.0000 0.0132 0.0000 0.0000 0.0030 0.0407
1.0000 0.4594 0.4329 0.6098 0.4281 0.4375 0.4598 0.5963 0.4896 0.5213 0.4533 0.4709 0.0000 0.0081 0.0125 0.0022 0.0000 0.0000 0.0000 0.0000 0.0000 0.0000 0.0000 0.0000 0.0000 0.0000 0.0000 0.0000 0.0000 0.0000 0.0000 0.0000 0.0456
1.0000 0.5411 0.4960 0.5493 0.4810 0.4286 0.4506 0.4958 0.4756 0.5175 0.5305 0.4938 0.0000 0.0189 0.0000 0.0030 0.0000 0.0055 0.0000 0.0000 0.0000 0.0000 0.0061 0.0000 0.0000 0.0000 0.0000 0.0000 0.0000 0.0000 0.0000 0.0000 0.0097
1.0000 0.4637 0.4027 0.4429 0.4878 0.5714 0.5094 0.4768 0.5424 0.4796 0.5229 0.4869 0.0000 0.0000 0.0000 0.0000 0.0000 0.0000 0.0000 0.0000 0.0032 0.0000 0.0000 0.0000 0.0000 0.0046 0.0000 0.0000 0.0000 0.0000 0.0027 0.0000 0.0026
1.0000 0.4727 0.4861 0.6571 0.5720 0.5000 0.5341 0.4737 0.5285 0.4932 0.5128 0.4560 0.0000 0.0000 0.0000 0.0000 0.0000 0.0000 0.0000 0.0031 0.0000 0.0000 0.0046 0.0000 0.0000 0.0000 0.0000 0.0000 0.0000 0.0000 0.0000 0.0000 0.0000
