0 49 19 
18 5 
19 18 
5 31 
3 15 
31 3 
20 11 
41 28 
28 10 
15 22 
36 12 
22 36 
12 41 
27 9 
10 24 
25 13 
9 34 
11 30 
13 17 
14 20 
39 1 
34 25 
1 4 
17 39 
23 29 
2 7 
24 27 
4 14 
35 8 
6 2 
30 38 
7 23 
29 35 
38 6 
8 16 
16 40 
26 21 
21 42 
40 26 
42 32 33 
33 242 37 
49 54 
54 101 52 
52 55 
46 56 
55 46 
37 80 
32 86 192 152 
56 51 
48 60 
51 48 
47 65 53 
60 47 
53 62 
62 43 
58 172 59 
50 44 
45 58 
61 50 
59 61 
43 45 
57 145 279 
44 57 
152 110 
80 95 
110 118 
95 74 
242 198 
74 250 
118 188 
250 270 
198 71 
68 132 
132 139 
192 273 
180 114 
273 129 
139 209 
279 69 
270 123 
145 68 
87 100 
129 245 
134 292 
114 207 
207 223 
69 243 
222 194 
71 107 
179 162 
136 98 
164 144 
258 251 
261 203 
224 229 
89 103 
138 281 
119 199 
160 180 
100 106 
159 93 
163 247 
188 160 
251 116 
199 146 
274 124 
223 261 
190 291 
85 111 
212 90 
191 224 
276 238 
107 287 
197 127 
206 169 
127 262 
168 290 
123 191 
238 190 
209 276 
246 217 
142 232 
112 212 
243 274 
65 150 
234 161 
186 176 
259 234 
266 204 
203 84 
291 197 
154 131 
277 178 
124 206 
247 166 
268 285 
157 259 
204 289 
290 104 
84 136 
262 252 
153 236 
236 81 
146 248 
140 163 
194 138 
169 164 
144 89 
263 286 
289 228 
90 157 
269 253 
177 77 
281 148 
189 91 
98 237 
252 112 
91 140 
228 153 
217 96 
161 82 
150 239 
237 222 
131 159 
229 258 
287 179 
166 186 
111 117 
102 214 
201 230 
155 113 
77 122 
264 72 
235 278 
78 149 
93 167 
116 189 
162 125 
245 244 
104 141 
175 255 
82 266 
283 208 
81 119 
147 260 
183 280 
148 210 
128 277 
133 264 
72 235 
292 147 
125 175 
178 265 
83 142 
226 137 
248 205 
182 134 
86 
215 226 
94 231 
141 155 
137 133 
254 241 
265 187 
208 94 
176 182 
184 227 
173 275 
280 288 
193 168 
205 215 
149 263 
117 87 
216 268 
219 184 
275 170 
120 158 
156 78 
256 219 
288 156 
232 201 
105 196 
286 76 
278 246 
96 256 
185 220 
113 128 
233 85 
230 267 
99 83 
210 154 
260 99 
220 272 
67 216 
76 185 
227 225 
267 257 
214 254 
167 193 
115 284 
196 283 
130 108 
239 233 
64 79 
195 221 
231 173 
170 195 
271 102 
103 211 
225 183 
106 177 
244 120 
187 271 
253 115 
73 75 
255 269 
221 171 
272 130 
122 67 
241 105 
88 92 
121 135 
79 174 
135 213 
70 73 
181 282 
158 126 
249 181 
285 121 
92 249 
171 200 
257 88 
213 64 
126 109 
284 165 
282 
174 70 
63 218 
108 
75 66 
200 240 
109 
165 
101 
211 63 
240 97 
97 143 
218 
66 
172 
143 151 
151 202 
202 
