1.0000 0.4944 0.4575 0.4517 0.4932 0.4315 0.0923 0.0068 0.0000 0.0000 0.0000 0.0000 0.0000 0.0000 0.0000 0.0023 0.0000 0.0028 0.0000 0.0000 0.0000 0.0000 0.0000 0.0000 0.0021 0.0000
1.0000 0.4888 0.4571 0.4847 0.5538 0.0035 0.0000 0.5249 0.0000 0.0000 0.0000 0.0000 0.0000 0.0000 0.0000 0.0000 0.0000 0.0000 0.0000 0.0000 0.0000 0.0000 0.0039 0.0000 0.0000 0.0037
1.0000 0.4522 0.5503 0.4653 0.5735 0.0000 0.0000 0.4683 0.0000 0.0000 0.0000 0.0000 0.0000 0.0000 0.0000 0.0000 0.0000 0.0000 0.0000 0.0000 0.0042 0.0000 0.0000 0.0000 0.0000 0.0000
1.0000 0.4792 0.3472 0.5442 0.5000 0.0000 0.0000 0.4365 0.0000 0.0000 0.0000 0.0000 0.0000 0.0000 0.0000 0.0052 0.0000 0.0000 0.0000 0.0000 0.0000 0.0000 0.0000 0.0000 0.0000 0.0000
1.0000 0.5300 0.4151 0.4769 0.5472 0.0000 0.0000 0.4171 0.0000 0.0000 0.0000 0.0000 0.0000 0.0000 0.0000 0.0000 0.0000 0.0000 0.0040 0.0000 0.0000 0.0000 0.0000 0.0000 0.0000 0.0000
1.0000 0.4979 0.4320 0.5271 0.3784 0.0000 0.0000 0.5306 0.0000 0.0000 0.0000 0.0000 0.0000 0.0000 0.0000 0.0000 0.0000 0.0000 0.0000 0.0000 0.0000 0.0000 0.0000 0.0000 0.0000 0.0000
1.0000 0.5245 0.5276 0.4502 0.5789 0.0000 0.0000 0.5046 0.0000 0.0000 0.0000 0.0036 0.0000 0.0000 0.0000 0.0050 0.0000 0.0000 0.0000 0.0000 0.0042 0.0000 0.0000 0.0000 0.0045 0.0000
1.0000 0.5368 0.4774 0.5100 0.5135 0.0000 0.0000 0.4471 0.0000 0.0046 0.0000 0.0000 0.0000 0.0000 0.0000 0.0000 0.0000 0.0000 0.0000 0.0000 0.0035 0.0000 0.0000 0.0000 0.0000 0.0000
1.0000 0.4726 0.5070 0.4286 0.4375 0.0000 0.0000 0.5084 0.0000 0.0000 0.0000 0.0000 0.0000 0.0000 0.0000 0.0000 0.0000 0.0052 0.0000 0.0000 0.0000 0.0000 0.0000 0.0000 0.0000 0.0000
1.0000 0.4597 0.4944 0.4460 0.4400 0.0037 0.0000 0.4627 0.0000 0.0000 0.0000 0.0000 0.0000 0.0000 0.0000 0.0000 0.0000 0.0000 0.0000 0.0000 0.0000 0.0000 0.0000 0.0000 0.0037 0.0000
1.0000 0.4725 0.4667 0.4691 0.4507 0.0000 0.0000 0.4607 0.0000 0.0000 0.0000 0.0000 0.0000 0.0000 0.0000 0.0000 0.0000 0.0000 0.0000 0.0000 0.0000 0.0000 0.0000 0.0000 0.0000 0.0000
1.0000 0.4162 0.4559 0.4525 0.4262 0.0000 0.0000 0.5161 0.0000 0.0000 0.0000 0.0000 0.0000 0.0000 0.0000 0.0000 0.0000 0.0000 0.0000 0.0099 0.0000 0.0000 0.0000 0.0000 0.0000 0.0000
1.0000 0.5585 0.4925 0.4141 0.4848 0.0000 0.0000 0.5025 0.0000 0.0000 0.0000 0.0000 0.0000 0.0000 0.0000 0.0000 0.0000 0.0000 0.0000 0.0000 0.0000 0.0000 0.0000 0.0000 0.0000 0.0000
1.0000 0.4510 0.4050 0.4607 0.5714 0.0000 0.0000 0.4740 0.0000 0.0000 0.0000 0.0051 0.0000 0.0000 0.0000 0.0047 0.0000 0.0000 0.0000 0.0000 0.0046 0.0000 0.0000 0.0000 0.0000 0.0000
1.0000 0.4760 0.5031 0.4375 0.5556 0.0000 0.0192 0.4975 0.0000 0.0000 0.0000 0.0000 0.0000 0.0000 0.0000 0.0000 0.0000 0.0000 0.0000 0.0000 0.0000 0.0062 0.0000 0.0000 0.0000 0.0000
1.0000 0.4947 0.4662 0.4817 0.4286 0.0000 0.0000 0.4750 0.0000 0.0000 0.0000 0.0000 0.0000 0.0000 0.0000 0.0000 0.0000 0.0000 0.0000 0.0000 0.0000 0.0000 0.0000 0.0000 0.0000 0.0000
1.0000 0.5425 0.4733 0.5112 0.5294 0.0000 0.0000 0.4806 0.0000 0.0000 0.0000 0.0000 0.0000 0.0000 0.0000 0.0000 0.0000 0.0000 0.0000 0.0000 0.0000 0.0000 0.0000 0.0000 0.0000 0.0000
1.0000 0.4525 0.4610 0.5045 0.4538 0.0000 0.0017 0.4992 0.1948 0.1979 0.1899 0.2049 0.1701 0.1266 0.1936 0.2034 0.1686 0.0819 0.1325 0.1273 0.1036 0.0992 0.1155 0.0493 0.0797 0.0658
1.0000 0.4821 0.4819 0.4902 0.3750 0.0000 0.0000 0.5160 0.0769 0.1478 0.3000 0.1239 0.0753 0.1333 0.1198 0.2176 0.1404 0.0393 0.0751 0.0459 0.0614 0.0210 0.0444 0.0000 0.0082 0.0000
1.0000 0.4942 0.4885 0.4902 0.5132 0.0000 0.0000 0.5023 0.0367 0.0346 0.0000 0.0236 0.0263 0.0645 0.0401 0.0431 0.0421 0.1055 0.1172 0.0843 0.1357 0.0949 0.0993 0.1905 0.2738 0.2596
1.0000 0.5238 0.4793 0.4947 0.5152 0.0000 0.0000 0.4912 0.1977 0.2018 0.1818 0.2664 0.1837 0.2286 0.1982 0.1946 0.1823 0.2268 0.2653 0.1597 0.2689 0.1569 0.1744 0.0000 0.0000 0.0000
1.0000 0.4858 0.4766 0.4917 0.4786 0.0000 0.0000 0.4717 0.2135 0.2153 0.2857 0.2275 0.1868 0.1833 0.1935 0.2358 0.2082 0.2063 0.2495 0.1667 0.2024 0.2438 0.2063 0.0072 0.0048 0.0023
1.0000 0.5241 0.4545 0.5179 0.4778 0.0000 0.0000 0.4670 0.0136 0.0145 0.0000 0.0112 0.0000 0.0390 0.0147 0.0301 0.0094 0.2269 0.2086 0.2597 0.3097 0.2308 0.2604 0.0040 0.0074 0.0069
1.0000 0.4322 0.4414 0.4877 0.5529 0.0000 0.0167 0.5426 0.0437 0.0137 0.0000 0.0133 0.0270 0.0161 0.0104 0.0043 0.0053 0.0000 0.0000 0.0000 0.0000 0.0000 0.0042 0.0000 0.0000 0.0000
1.0000 0.4855 0.5385 0.4800 0.5325 0.0000 0.0000 0.4918 0.0000 0.0163 0.0000 0.0199 0.0175 0.0909 0.0115 0.0743 0.0094 0.0427 0.0248 0.0299 0.0204 0.0164 0.0222 0.0174 0.0478 0.0185
1.0000 0.5551 0.4577 0.4104 0.4730 0.0000 0.0000 0.4878 0.0925 0.1055 0.2222 0.0888 0.0407 0.1087 0.0874 0.0625 0.0726 0.0078 0.0000 0.0071 0.0032 0.0000 0.0000 0.2746 0.2500 0.2644
1.0000 0.5188 0.5075 0.4764 0.4194 0.0000 0.0000 0.5550 0.0000 0.0000 0.0000 0.0000 0.0160 0.0000 0.0035 0.0084 0.0000 0.1795 0.1937 0.1701 0.2451 0.1835 0.1661 0.0000 0.0000 0.0000
1.0000 0.4788 0.4634 0.5040 0.4247 0.0000 0.0000 0.5764 0.0169 0.0398 0.0000 0.0117 0.0215 0.0000 0.0108 0.0126 0.0148 0.1212 0.1227 0.1328 0.1531 0.1379 0.1215 0.0000 0.0000 0.0000
1.0000 0.5202 0.4380 0.4525 0.4286 0.0000 0.0000 0.4628 0.0296 0.0418 0.0667 0.0440 0.0446 0.0943 0.0793 0.0380 0.0608 0.0104 0.0000 0.0000 0.0000 0.0061 0.0038 0.0000 0.0042 0.0000
1.0000 0.5057 0.4868 0.4899 0.5217 0.0000 0.0000 0.5203 0.0000 0.0107 0.0000 0.0098 0.0000 0.0000 0.0000 0.0448 0.0063 0.4371 0.5000 0.4132 0.4974 0.4252 0.4673 0.0000 0.0000 0.0000
1.0000 0.4559 0.4278 0.4596 0.4242 0.0000 0.0000 0.5437 0.2379 0.2570 0.4000 0.2794 0.2481 0.3256 0.2704 0.4043 0.2035 0.0000 0.0000 0.0000 0.0000 0.0000 0.0000 0.0000 0.0000 0.0000
1.0000 0.4607 0.4766 0.4879 0.5362 0.0000 0.0000 0.4649 0.4655 0.4650 0.5556 0.4286 0.5783 0.3208 0.5297 0.4536 0.5449 0.0056 0.0000 0.0000 0.0000 0.0000 0.0000 0.0000 0.0000 0.0000
1.0000 0.5000 0.4946 0.4981 0.5075 0.0000 0.0000 0.4538 0.5433 0.4513 0.3750 0.4411 0.5161 0.3429 0.5260 0.4747 0.5213 0.0000 0.0000 0.0000 0.0000 0.0000 0.0000 0.0000 0.0035 0.0000
1.0000 0.4821 0.4327 0.4535 0.4103 0.0034 0.0000 0.5204 0.0000 0.0000 0.0000 0.0000 0.0000 0.0000 0.0000 0.0000 0.0000 0.0000 0.0000 0.0000 0.0000 0.0000 0.0000 0.0000 0.0000 0.0000
1.0000 0.4825 0.4654 0.5052 0.4750 0.0030 0.0000 0.5178 0.0000 0.0000 0.0000 0.0000 0.0000 0.0000 0.0000 0.0000 0.0000 0.0000 0.0000 0.0054 0.0030 0.0000 0.0000 0.0000 0.0000 0.0000
1.0000 0.4700 0.4728 0.4921 0.5250 0.0000 0.0000 0.4920 0.0000 0.0000 0.0000 0.0000 0.0000 0.0000 0.0000 0.0000 0.0000 0.0000 0.0000 0.0000 0.0000 0.0000 0.0000 0.0000 0.0000 0.0000
1.0000 0.4880 0.4541 0.4518 0.5342 0.0037 0.0000 0.4898 0.0000 0.0038 0.0000 0.0034 0.0000 0.0000 0.0000 0.0000 0.0000 0.0000 0.0000 0.0000 0.0000 0.0000 0.0000 0.0000 0.0000 0.0000
1.0000 0.4528 0.4698 0.4950 0.5283 0.0000 0.0000 0.5374 0.0000 0.0000 0.0000 0.0000 0.0000 0.0000 0.0000 0.0000 0.0000 0.0000 0.0000 0.0000 0.0000 0.0000 0.0000 0.0000 0.0000 0.0000
1.0000 0.4554 0.4187 0.4897 0.5050 0.0000 0.0000 0.4328 0.0000 0.0000 0.0000 0.0000 0.0076 0.0000 0.0000 0.0000 0.0000 0.0000 0.0000 0.0000 0.0000 0.0000 0.0000 0.0000 0.0000 0.0000
1.0000 0.4840 0.4783 0.4899 0.4524 0.0000 0.0000 0.4943 0.0000 0.0000 0.0000 0.0000 0.0000 0.0000 0.0000 0.0000 0.0000 0.0000 0.0000 0.0000 0.0000 0.0000 0.0000 0.0000 0.0000 0.0000
1.0000 0.4970 0.4331 0.4682 0.4787 0.0000 0.0000 0.4911 0.0000 0.0000 0.0000 0.0000 0.0000 0.0000 0.0027 0.0000 0.0000 0.0000 0.0000 0.0049 0.0000 0.0000 0.0000 0.0000 0.0000 0.0028
1.0000 0.4797 0.5164 0.5128 0.4286 0.0000 0.0000 0.5093 0.0000 0.0039 0.0000 0.0000 0.0000 0.0000 0.0000 0.0000 0.0080 0.0000 0.0000 0.0129 0.0000 0.0000 0.0000 0.0000 0.0000 0.0000
1.0000 0.4529 0.3951 0.4014 0.5050 0.0000 0.0000 0.4574 0.0000 0.0033 0.0000 0.0062 0.0000 0.0000 0.0000 0.0000 0.0000 0.0000 0.0000 0.0000 0.0000 0.0000 0.0000 0.0000 0.0000 0.0000
1.0000 0.5270 0.4123 0.5128 0.5957 0.0000 0.0000 0.5248 0.0000 0.0000 0.0000 0.0000 0.0000 0.0000 0.0000 0.0056 0.0000 0.0000 0.0000 0.0000 0.0000 0.0000 0.0000 0.0000 0.0000 0.0000
1.0000 0.4450 0.3882 0.4420 0.4342 0.0000 0.0000 0.4911 0.0000 0.0000 0.0000 0.0000 0.0000 0.0000 0.0000 0.0000 0.0000 0.0000 0.0000 0.0000 0.0000 0.0000 0.0000 0.0000 0.0042 0.0000
1.0000 0.4820 0.4599 0.4781 0.5479 0.0000 0.0000 0.5917 0.0000 0.0000 0.0000 0.0000 0.0000 0.0000 0.0000 0.0000 0.0000 0.0000 0.0000 0.0000 0.0000 0.0000 0.0000 0.0000 0.0000 0.0000
1.0000 0.4885 0.3902 0.4656 0.6301 0.0000 0.0000 0.5148 0.0000 0.0000 0.0000 0.0000 0.0000 0.0000 0.0000 0.0000 0.0000 0.0000 0.0000 0.0000 0.0000 0.0000 0.0000 0.0000 0.0040 0.0000
1.0000 0.4960 0.4672 0.4871 0.4872 0.0000 0.0000 0.4813 0.0000 0.0000 0.0000 0.0000 0.0000 0.0000 0.0000 0.0000 0.0000 0.0000 0.0000 0.0000 0.0000 0.0000 0.0000 0.0000 0.0000 0.0000
