344 360 418 59 451 478 223 447 446 443 428 365 185 108 383 259 486 394 474 438 148 392 466 260 507
194 225 230 8 254 246 125 223 257 221 252 175 112 59 229 162 264 282 255 251 65 220 268 61 257
207 193 221 27 229 237 111 230 240 205 209 149 90 60 245 156 254 224 205 228 68 179 223 58 246
203 191 231 11 262 250 134 240 247 197 247 144 103 53 215 166 258 238 243 192 60 198 222 58 217
164 201 231 13 268 247 139 217 264 211 227 159 89 61 216 132 256 247 236 229 53 198 225 55 249
202 212 223 12 247 240 141 235 254 196 219 169 104 51 203 151 259 244 241 239 74 205 232 66 282
185 197 213 8 274 224 119 204 240 216 238 163 80 43 231 167 233 232 222 199 57 173 246 50 258
204 213 218 5 242 243 140 231 284 208 247 155 84 53 200 157 235 234 282 230 74 174 236 63 284
170 191 180 7 219 220 101 201 258 179 215 142 86 58 189 127 229 209 197 200 48 165 191 54 232
199 223 235 13 268 257 154 211 251 201 253 178 93 53 213 163 276 267 269 249 75 202 257 53 287
188 168 202 16 210 254 121 182 196 178 213 180 82 56 194 159 243 195 203 205 71 176 226 48 201
161 175 189 6 242 212 101 197 197 186 199 136 82 47 179 115 222 199 210 208 61 203 185 33 222
185 202 191 6 230 196 119 188 216 201 203 134 83 35 227 132 241 236 209 236 66 186 236 48 224
190 195 194 8 196 201 90 204 218 154 185 121 81 42 178 126 221 226 192 212 56 149 188 45 230
190 224 221 3 218 236 114 229 248 201 240 163 112 40 208 162 256 261 254 211 72 180 245 52 247
171 202 200 4 214 231 117 188 238 200 219 133 91 37 218 150 235 220 237 202 63 164 235 50 239
209 197 198 13 225 221 114 212 243 206 208 150 67 49 178 117 255 245 195 225 68 174 191 39 233
503 574 576 158 615 687 330 621 618 595 689 551 294 237 551 393 692 641 665 639 238 593 653 599 580
169 178 203 10 218 213 109 195 228 188 200 166 93 45 204 143 242 222 243 216 64 171 210 41 248
218 256 260 9 297 290 166 259 280 217 252 174 114 62 255 158 324 242 252 232 76 261 235 54 282
177 194 223 11 214 245 119 231 238 171 230 169 98 70 188 153 222 226 220 221 66 181 226 47 258
342 383 432 21 422 457 234 424 420 407 415 321 182 120 360 283 434 444 421 441 117 341 426 93 475
221 238 275 8 268 278 154 290 310 212 247 176 117 77 251 169 273 286 272 266 90 213 291 44 288
183 196 219 3 226 239 127 199 261 223 203 145 111 62 203 184 288 245 257 230 85 189 235 60 240
191 211 245 7 302 242 134 241 294 183 288 169 114 55 225 183 262 245 251 269 77 212 271 55 270
227 255 275 9 304 305 140 227 310 246 284 201 123 92 268 148 309 272 288 240 74 248 261 76 297
227 234 231 14 285 284 147 266 257 218 246 201 125 55 254 158 284 262 268 239 62 204 245 57 289
177 231 251 9 257 220 128 259 294 229 233 164 93 50 252 145 278 246 225 238 73 203 246 61 247
169 192 239 15 250 222 128 198 228 188 216 137 112 53 221 163 227 202 238 237 56 181 234 50 266
153 167 187 12 204 210 121 174 191 148 177 152 81 55 198 127 208 183 204 201 46 159 197 44 214
227 255 284 15 272 312 180 261 314 252 267 187 133 86 272 173 307 278 265 282 99 226 294 83 319
174 177 200 9 210 229 104 178 206 185 211 128 83 53 207 163 219 178 195 194 69 167 180 43 205
254 263 277 8 297 271 159 286 282 249 325 186 124 70 263 188 289 256 283 257 67 211 295 69 326
214 243 296 6 303 278 157 251 299 221 282 171 107 78 258 168 281 295 266 261 78 225 278 71 316
273 284 292 12 307 305 185 286 336 253 313 217 154 89 287 199 316 333 323 273 80 236 296 78 347
225 259 285 8 335 303 140 300 316 250 255 184 106 77 254 213 279 327 287 269 80 221 268 64 310
248 248 264 13 294 273 162 250 311 245 262 185 123 66 228 215 331 271 266 284 73 223 290 106 339
204 211 208 7 211 203 112 212 226 214 194 149 87 49 200 149 229 258 225 242 53 198 238 59 296
275 300 318 16 351 356 188 325 342 268 346 246 132 39 339 265 366 290 355 314 101 288 345 81 357
266 285 280 17 316 314 160 281 324 261 306 207 131 83 296 216 329 290 273 297 84 258 328 77 337
287 315 315 16 367 329 204 334 346 281 304 254 158 80 346 242 376 368 354 371 94 290 352 95 345
243 254 256 7 313 322 155 271 352 269 301 213 127 81 273 198 327 316 289 287 98 251 307 84 337
246 310 307 10 321 310 187 329 348 282 289 205 111 65 294 251 319 311 299 335 101 268 295 86 328
111 134 165 10 169 152 84 148 171 141 145 114 48 43 156 113 180 141 142 177 47 143 176 49 170
192 214 209 6 247 185 118 209 280 169 197 170 102 60 224 142 242 243 237 255 76 168 225 51 252
185 217 229 7 243 213 132 222 250 169 231 137 90 40 228 167 266 245 219 240 73 188 243 76 245
227 243 269 8 280 278 154 262 256 237 277 164 111 49 262 185 257 288 250 255 73 221 245 73 251
184 220 238 10 236 218 141 250 241 214 221 122 118 37 232 158 266 250 278 252 78 202 244 67 272
