0 1 0 0 0 0 0 221 0 3 0 167 0 0 173 0 0 170 1 1 73 0 0 24 0
0 0 0 0 0 0 0 109 0 116 0 80 0 0 111 0 0 1 0 0 36 0 1 0 1
0 0 0 0 0 0 0 104 1 96 0 82 0 0 114 0 0 0 0 0 39 0 0 0 0
0 0 0 0 0 0 0 115 0 86 0 50 0 0 117 0 0 0 0 1 30 0 0 0 0
0 0 0 0 0 1 0 115 0 88 0 66 0 0 103 0 0 0 0 0 29 0 0 0 0
0 0 0 0 0 0 0 117 0 104 0 73 0 0 107 0 0 0 0 0 28 0 0 0 0
0 0 0 0 1 0 0 107 1 109 0 86 0 0 104 0 0 0 1 1 33 0 0 0 0
0 0 1 0 0 0 0 124 1 93 0 74 0 0 102 0 0 0 0 0 38 0 0 0 0
0 1 0 0 0 0 0 95 0 91 0 72 0 0 81 0 0 0 0 0 21 0 0 0 0
0 0 0 0 0 0 0 97 0 93 0 88 0 0 95 0 0 1 1 0 33 0 0 0 0
0 0 0 0 0 0 0 86 0 82 0 84 0 0 91 0 0 0 0 0 32 0 0 0 0
0 0 0 0 0 0 1 82 0 96 0 62 0 0 81 0 0 0 0 0 26 0 0 0 0
0 0 0 0 0 0 0 105 0 101 0 66 0 0 94 0 0 0 0 0 32 0 0 0 0
0 0 0 0 1 0 0 92 1 73 0 49 0 0 82 0 0 0 0 1 32 0 0 0 0
0 0 0 0 0 0 0 109 0 100 0 82 0 0 91 1 0 0 0 0 40 0 0 1 0
0 0 0 0 0 0 0 93 0 95 0 62 0 0 105 0 0 0 0 0 27 0 0 0 0
0 0 0 0 0 0 0 115 0 99 0 71 0 0 91 0 0 0 0 0 36 0 0 0 0
98 47 114 30 126 91 42 281 64 297 34 254 50 30 278 39 134 0 53 130 108 100 43 1 67
13 7 30 3 27 16 5 94 14 97 0 80 7 6 100 3 29 0 2 47 24 24 0 0 11
8 27 9 0 7 34 14 128 38 109 48 85 3 4 125 15 13 0 69 10 39 11 61 0 28
35 44 45 2 57 65 19 121 64 84 0 81 18 16 93 24 44 0 0 43 34 33 0 0 45
73 79 93 6 96 114 39 206 85 192 3 153 34 22 177 69 84 0 2 104 56 71 1 0 98
3 54 4 0 3 58 40 152 96 99 1 80 0 3 130 39 4 0 2 8 43 2 2 0 75
8 0 3 0 3 0 0 86 0 121 0 64 3 1 99 0 3 0 0 1 47 1 0 1 1
0 9 4 0 6 6 4 117 6 90 5 91 2 5 108 3 3 0 12 20 41 2 5 0 6
21 2 29 2 27 0 1 126 1 120 78 92 5 10 110 0 27 0 72 15 35 18 69 0 0
0 42 0 0 0 55 25 138 63 121 0 102 2 0 121 29 1 0 0 2 26 0 0 0 48
3 28 10 0 3 27 17 124 45 132 0 76 2 0 127 20 3 0 0 3 31 3 0 0 30
5 2 10 1 11 0 0 103 0 87 0 60 5 5 100 1 18 0 1 9 24 11 0 0 1
0 73 2 0 2 105 50 88 95 77 0 74 0 0 97 54 0 0 0 9 24 1 0 0 100
54 0 73 6 76 0 0 119 0 137 0 80 33 28 125 0 83 0 0 114 42 46 0 0 0
81 1 93 5 90 0 0 82 0 86 0 61 48 17 101 0 116 0 0 88 37 91 0 0 0
138 0 125 3 131 0 0 143 0 113 0 92 64 24 131 0 152 0 1 122 34 110 0 0 0
0 0 0 0 0 0 0 121 0 115 0 74 0 0 117 0 0 1 0 0 32 0 0 0 0
0 0 0 0 0 0 1 138 1 131 0 101 0 0 145 0 0 1 0 0 38 0 0 0 0
0 0 0 0 0 0 0 141 0 123 0 87 0 0 125 0 0 0 0 0 42 0 0 0 0
0 0 1 0 1 0 0 122 0 120 0 84 0 0 103 0 0 1 0 0 39 0 0 0 0
0 0 0 0 0 0 0 96 0 115 0 70 0 0 99 0 0 0 0 0 28 0 0 0 0
0 0 0 0 0 0 0 148 0 116 0 103 1 0 166 0 0 0 0 0 51 0 0 0 0
0 0 0 0 0 0 0 136 0 129 0 99 0 0 145 0 0 0 0 0 38 0 0 0 0
0 0 0 0 0 0 1 166 0 138 0 110 0 0 162 0 1 0 0 0 45 0 1 0 0
0 0 1 0 0 0 2 130 0 137 0 110 0 0 140 0 0 0 0 0 42 2 0 0 0
0 0 1 0 2 0 0 149 0 129 0 81 0 0 118 0 0 0 0 0 51 0 0 0 0
0 0 0 0 0 0 0 78 0 74 0 47 0 0 80 0 0 0 0 1 28 0 0 0 0
0 0 0 0 0 0 0 93 0 83 0 66 0 0 99 0 0 0 1 0 33 0 0 0 0
0 0 0 0 0 0 0 107 0 100 0 63 0 0 109 0 0 0 0 0 40 0 0 0 0
0 0 0 0 0 0 0 128 0 122 0 64 0 0 122 0 0 0 1 0 46 0 0 0 0
0 0 0 0 0 0 0 124 0 103 0 57 0 0 113 0 0 0 0 0 38 0 0 0 0
