1.0000 0.4505 0.4947 0.1093 0.1461 0.0000 0.0000 0.0000 0.0000 0.0041 0.0000 0.0000 0.0000 0.0000 0.1495 0.0431 0.0141
1.0000 0.4475 0.4275 0.0087 0.0000 0.0000 0.0000 0.0000 0.0000 0.0028 0.0000 0.0000 0.0000 0.0000 0.0000 0.0032 0.0000
1.0000 0.4697 0.4743 0.0291 0.0096 0.0000 0.0000 0.0000 0.0000 0.0055 0.0000 0.0000 0.0000 0.0000 0.0000 0.0000 0.0022
1.0000 0.4926 0.4444 0.0040 0.0035 0.0000 0.0000 0.0000 0.0000 0.0032 0.0000 0.0000 0.0000 0.0000 0.0000 0.0000 0.0026
1.0000 0.4875 0.4785 0.0036 0.0102 0.0000 0.0000 0.0032 0.0047 0.0000 0.0026 0.0000 0.0065 0.0029 0.0000 0.0055 0.0045
1.0000 0.4959 0.4847 0.0034 0.0000 0.0000 0.0000 0.0000 0.0000 0.0000 0.0000 0.0000 0.0000 0.0000 0.0031 0.0000 0.0000
1.0000 0.5240 0.4667 0.0000 0.0000 0.0000 0.0000 0.0000 0.0000 0.0000 0.0000 0.0000 0.0033 0.0000 0.0000 0.0816 0.0023
1.0000 0.4493 0.4649 0.0000 0.0000 0.0000 0.0000 0.0000 0.0060 0.0000 0.0000 0.0000 0.0000 0.0000 0.0000 0.0000 0.0000
1.0000 0.4756 0.4659 0.0000 0.0074 0.0000 0.0000 0.0000 0.0000 0.0031 0.0028 0.0000 0.0000 0.0000 0.0070 0.0000 0.0000
1.0000 0.4372 0.5062 0.0000 0.0039 0.0000 0.0000 0.0000 0.0000 0.0000 0.0000 0.0108 0.0000 0.0000 0.0000 0.0103 0.0000
1.0000 0.4888 0.4949 0.0000 0.0000 0.0000 0.0000 0.0000 0.0000 0.0028 0.0000 0.0000 0.0000 0.0000 0.0000 0.0000 0.0000
1.0000 0.4938 0.5187 0.0069 0.0000 0.0000 0.0000 0.0000 0.0000 0.0000 0.0024 0.0000 0.0000 0.0028 0.0000 0.0000 0.0000
1.0000 0.4958 0.4023 0.0042 0.0000 0.0000 0.0000 0.0000 0.0000 0.0000 0.0028 0.0000 0.0000 0.0000 0.0000 0.0000 0.0000
1.0000 0.5378 0.5433 0.0039 0.0000 0.0000 0.0000 0.0000 0.0027 0.0058 0.0026 0.0000 0.0038 0.0033 0.0000 0.0000 0.0000
1.0000 0.4847 0.5240 0.0109 0.0000 0.0000 0.0000 0.0000 0.0000 0.0031 0.0000 0.0000 0.0000 0.0000 0.0000 0.0000 0.0000
1.0000 0.4498 0.4854 0.4603 0.4908 0.0000 0.0000 0.0000 0.0000 0.0000 0.0000 0.0000 0.0000 0.0000 0.0000 0.0000 0.3990
1.0000 0.4779 0.4179 0.4271 0.4470 0.4681 0.4767 0.4434 0.4122 0.3718 0.3065 0.4913 0.1097 0.0630 0.0086 0.0011 0.4311
1.0000 0.5325 0.5069 0.4623 0.4862 0.4333 0.5769 0.4813 0.4337 0.4341 0.4358 0.4646 0.4333 0.0000 0.0000 0.0000 0.3326
1.0000 0.4692 0.4828 0.4706 0.5280 0.5862 0.5185 0.4797 0.4607 0.3907 0.4389 0.5405 0.4462 0.0000 0.0000 0.0000 0.4057
1.0000 0.4444 0.4753 0.4760 0.4766 0.4393 0.6667 0.4920 0.4715 0.4764 0.3970 0.4854 0.4296 0.0027 0.0000 0.0000 0.4343
1.0000 0.5019 0.4197 0.4857 0.5855 0.4490 0.5294 0.5063 0.4975 0.4116 0.4227 0.4603 0.4478 0.0000 0.0000 0.0000 0.4393
1.0000 0.4806 0.4900 0.4336 0.4838 0.5269 0.4444 0.4833 0.5027 0.3366 0.4082 0.5462 0.1824 0.0000 0.0034 0.0000 0.3687
1.0000 0.4694 0.4640 0.4952 0.4778 0.4860 0.5484 0.4682 0.4718 0.4109 0.3867 0.5939 0.4329 0.0000 0.0027 0.0026 0.4417
1.0000 0.5037 0.5162 0.4942 0.4431 0.4527 0.5574 0.4574 0.5113 0.3680 0.4438 0.4888 0.4844 0.0000 0.0000 0.0000 0.4003
1.0000 0.5248 0.5433 0.5019 0.5352 0.5000 0.6667 0.5083 0.4866 0.3746 0.3863 0.4964 0.4440 0.0000 0.0000 0.0000 0.3970
1.0000 0.5268 0.4707 0.4458 0.5170 0.4862 0.5424 0.4904 0.4740 0.3936 0.4644 0.5497 0.0000 0.3294 0.0028 0.0000 0.3950
1.0000 0.4545 0.4759 0.4774 0.4911 0.5632 0.5588 0.5503 0.5023 0.3883 0.4835 0.4643 0.4771 0.0026 0.0000 0.0000 0.4143
1.0000 0.4890 0.5000 0.4812 0.5078 0.4607 0.5882 0.4891 0.4886 0.3994 0.4169 0.5565 0.3333 0.0000 0.0000 0.0000 0.4283
1.0000 0.4444 0.4845 0.4677 0.4959 0.5106 0.5333 0.4984 0.5039 0.4458 0.4609 0.5074 0.0410 0.5349 0.0033 0.0031 0.4216
1.0000 0.4699 0.4789 0.4897 0.5223 0.4959 0.7368 0.4903 0.5019 0.4034 0.4040 0.5890 0.0000 0.0000 0.0045 0.0000 0.4227
1.0000 0.5428 0.4528 0.5034 0.4821 0.5111 0.4483 0.5170 0.4567 0.3770 0.4360 0.4922 0.0000 0.0000 0.0000 0.0000 0.3100
1.0000 0.4896 0.5077 0.0092 0.0025 0.0000 0.0000 0.0000 0.0046 0.0051 0.0025 0.0000 0.0032 0.0000 0.0000 0.0000 0.0018
1.0000 0.5000 0.4718 0.0030 0.0000 0.0000 0.0256 0.0021 0.0020 0.0027 0.0060 0.0000 0.0026 0.0000 0.0017 0.0018 0.0032
1.0000 0.4809 0.4677 0.0070 0.0000 0.0000 0.0000 0.0025 0.0000 0.0047 0.0000 0.0000 0.0000 0.0000 0.0000 0.0000 0.0015
1.0000 0.4867 0.4577 0.0000 0.0000 0.0000 0.0000 0.0026 0.0000 0.0028 0.0000 0.0000 0.0028 0.0000 0.0021 0.0000 0.0017
1.0000 0.4950 0.4615 0.0000 0.0022 0.0000 0.0000 0.0024 0.0038 0.0000 0.0000 0.0000 0.0000 0.0000 0.0020 0.0000 0.0000
1.0000 0.5337 0.4448 0.0000 0.0000 0.0000 0.0000 0.0028 0.0000 0.0048 0.0000 0.0000 0.0000 0.0024 0.0000 0.0758 0.0000
1.0000 0.5248 0.5358 0.0000 0.0000 0.0092 0.0000 0.0028 0.0000 0.0025 0.0061 0.0000 0.0033 0.0000 0.0086 0.0000 0.0000
1.0000 0.5087 0.5310 0.0060 0.0000 0.0000 0.0000 0.0051 0.0019 0.0024 0.0039 0.0000 0.0000 0.0000 0.0000 0.0000 0.0000
1.0000 0.4524 0.5000 0.0028 0.0029 0.0000 0.0000 0.0000 0.0000 0.0019 0.0000 0.0000 0.0000 0.0000 0.0000 0.0000 0.0016
1.0000 0.4959 0.4648 0.0000 0.0028 0.0000 0.0000 0.0074 0.0000 0.0026 0.0021 0.0059 0.0000 0.0024 0.0026 0.0000 0.0000
1.0000 0.5151 0.4911 0.0000 0.0000 0.0000 0.0000 0.0050 0.0019 0.0000 0.0000 0.0000 0.0000 0.0000 0.0050 0.0025 0.0018
1.0000 0.4869 0.4894 0.0000 0.0033 0.0000 0.0000 0.0000 0.0000 0.0000 0.0000 0.0000 0.0000 0.0000 0.0000 0.0000 0.0000
1.0000 0.4318 0.5042 0.4208 0.5110 0.0000 0.0000 0.0000 0.0000 0.0000 0.0000 0.0000 0.0000 0.0000 0.0000 0.0000 0.4281
