1.0000 0.4863 0.4589 0.3996 0.4642 0.4230 0.4674 0.4812 0.4741 0.4832 0.4740 0.5106 0.4894 0.5126 0.5193 0.4574 0.4377 0.4595 0.4606 0.4499 0.4987 0.4955 0.4687 0.4748 0.4848 0.4458 0.5172 0.4793 0.4685 0.4836 0.4590 0.4291 0.5009 0.4815 0.4906 0.4592 0.5182 0.4738 0.4583 0.4897 0.5195 0.4940 0.4827 0.4747 0.4766 0.4718 0.4627 0.4744 0.4811 0.5119 0.4756 0.4989 0.5289 0.4763 0.5170 0.4932 0.5192 0.5306 0.4928 0.5128 0.5618 0.4757 0.4481 0.2092 0.2241 0.3030 0.0019 0.0000 0.0000 0.0000 0.0038 0.0000 0.0016 0.0000 0.0000 0.0000 0.0020 0.0000 0.0000 0.0000 0.0000 0.0000 0.0000 0.0000 0.0989
1.0000 0.5000 0.4802 0.4795 0.6012 0.5147 0.4722 0.4712 0.4767 0.4767 0.4762 0.4343 0.5484 0.5517 0.4941 0.5105 0.4505 0.4324 0.4696 0.5000 0.4815 0.4299 0.4639 0.4475 0.4600 0.5096 0.5231 0.5462 0.5682 0.4400 0.4639 0.4200 0.4779 0.4855 0.5957 0.5305 0.4902 0.5039 0.4514 0.5081 0.4833 0.4563 0.5811 0.4615 0.4655 0.4038 0.5000 0.4599 0.4161 0.4554 0.4420 0.5253 0.5263 0.5000 0.6136 0.5102 0.5000 0.5227 0.5510 0.4483 0.7586 0.4767 0.4634 0.2867 0.1927 0.2833 0.0185 0.0000 0.0000 0.0000 0.0000 0.0000 0.0068 0.0000 0.0000 0.0000 0.0000 0.0000 0.0070 0.0000 0.0000 0.0049 0.0000 0.0000 0.0281
1.0000 0.4051 0.4940 0.4860 0.4409 0.5437 0.4491 0.4874 0.4747 0.4884 0.4941 0.4809 0.4242 0.4059 0.3889 0.4855 0.4554 0.4211 0.4574 0.5706 0.4915 0.5000 0.4819 0.4579 0.5302 0.4740 0.5063 0.3724 0.4457 0.5395 0.4681 0.3874 0.3563 0.5878 0.5138 0.4973 0.5064 0.4184 0.4915 0.4247 0.4699 0.4286 0.4853 0.3659 0.4551 0.4919 0.4725 0.5417 0.4783 0.5593 0.5034 0.4455 0.4400 0.5000 0.4516 0.5957 0.5114 0.4878 0.4894 0.3429 0.5588 0.4800 0.6000 0.2532 0.2419 0.2464 0.0000 0.0000 0.0000 0.0000 0.0000 0.0000 0.0064 0.0000 0.0000 0.0000 0.0000 0.0000 0.0000 0.0056 0.0000 0.0000 0.0000 0.0000 0.0000
1.0000 0.4355 0.4675 0.5000 0.4709 0.5000 0.5029 0.4724 0.4766 0.4149 0.4545 0.4472 0.4066 0.4375 0.4776 0.4922 0.4255 0.4943 0.4410 0.5157 0.4904 0.5085 0.4575 0.4915 0.4937 0.4663 0.5068 0.4955 0.4722 0.3485 0.4028 0.4632 0.5188 0.5290 0.5361 0.4735 0.4970 0.5041 0.5133 0.5357 0.4507 0.4783 0.4138 0.5000 0.5156 0.5349 0.4837 0.4809 0.4925 0.4954 0.4777 0.5385 0.4930 0.5049 0.5362 0.5610 0.5106 0.4038 0.3529 0.4231 0.6800 0.4722 0.5172 0.0192 0.0234 0.0343 0.0058 0.0051 0.0000 0.0000 0.0000 0.0000 0.0072 0.0084 0.0000 0.0000 0.0000 0.0055 0.0000 0.0000 0.0000 0.0044 0.0000 0.0000 0.0000
1.0000 0.4231 0.4114 0.4593 0.4497 0.4293 0.5409 0.5123 0.5213 0.4896 0.4842 0.4138 0.4891 0.4946 0.3780 0.5092 0.4870 0.5096 0.4913 0.4366 0.5196 0.5203 0.4459 0.4732 0.4928 0.4516 0.5070 0.4800 0.4304 0.5763 0.4471 0.5955 0.5342 0.5714 0.5000 0.5567 0.4785 0.4247 0.4863 0.4800 0.3333 0.5000 0.4500 0.5526 0.5353 0.3333 0.5192 0.4419 0.5500 0.4535 0.5124 0.5625 0.3444 0.5154 0.6000 0.5556 0.4494 0.4194 0.4138 0.5294 0.6522 0.5109 0.5238 0.1184 0.0865 0.0867 0.0063 0.0049 0.0000 0.0000 0.0000 0.0000 0.0000 0.0000 0.0000 0.0108 0.0000 0.0000 0.0000 0.0159 0.0000 0.0000 0.0000 0.0000 0.0000
1.0000 0.5472 0.4641 0.4632 0.4810 0.5402 0.5000 0.5388 0.5370 0.5217 0.4958 0.5082 0.5408 0.5158 0.4643 0.5053 0.4191 0.4476 0.4599 0.4817 0.4919 0.5556 0.5556 0.5394 0.5000 0.4646 0.3824 0.5266 0.4474 0.4342 0.4947 0.4486 0.5396 0.5467 0.4722 0.4774 0.4972 0.4336 0.5282 0.5338 0.4783 0.5441 0.4545 0.4412 0.5053 0.5411 0.5038 0.4483 0.4946 0.5421 0.4405 0.5000 0.4533 0.5574 0.5435 0.5714 0.4096 0.3846 0.3200 0.4444 0.5417 0.5413 0.4186 0.3128 0.3361 0.3052 0.0000 0.0000 0.0046 0.0000 0.0000 0.0087 0.0000 0.0068 0.0000 0.0096 0.0000 0.0048 0.0000 0.0000 0.0000 0.0000 0.0000 0.0000 0.0052
1.0000 0.4842 0.4450 0.2588 0.4893 0.4684 0.4740 0.5055 0.4634 0.4615 0.4651 0.5200 0.4019 0.4271 0.5361 0.5023 0.4266 0.4841 0.4847 0.4439 0.5312 0.5414 0.4688 0.4638 0.4664 0.4595 0.4167 0.4655 0.4301 0.4299 0.5530 0.4831 0.4734 0.4969 0.6303 0.5573 0.4078 0.5251 0.5477 0.4817 0.4860 0.5127 0.4405 0.4898 0.4356 0.4583 0.4655 0.4333 0.5595 0.4562 0.5396 0.4524 0.5632 0.5191 0.5781 0.6364 0.5478 0.5741 0.4493 0.4792 0.5000 0.4758 0.3704 0.2603 0.2444 0.2609 0.0132 0.0108 0.0041 0.0043 0.0044 0.0133 0.0127 0.0119 0.0000 0.0046 0.0000 0.0131 0.0054 0.0000 0.0000 0.0072 0.0000 0.0000 0.1909
1.0000 0.5692 0.5143 0.4825 0.4793 0.5481 0.5625 0.4933 0.4896 0.4742 0.4490 0.5000 0.4186 0.4386 0.5056 0.5049 0.4101 0.5495 0.4509 0.3978 0.5468 0.5252 0.4949 0.5341 0.5577 0.5401 0.5349 0.5225 0.5761 0.4024 0.4505 0.5185 0.4973 0.4710 0.4576 0.4677 0.4899 0.4923 0.4928 0.4675 0.4082 0.5575 0.5584 0.3846 0.5250 0.4861 0.4919 0.4759 0.4663 0.5079 0.5026 0.4490 0.5055 0.4876 0.5667 0.4923 0.4579 0.5094 0.4219 0.4762 0.4857 0.4787 0.4182 0.4536 0.5328 0.4735 0.0000 0.0000 0.0079 0.0000 0.0000 0.0000 0.0055 0.0000 0.0000 0.0000 0.0000 0.0000 0.0000 0.0000 0.0000 0.0000 0.0000 0.0000 0.0043
1.0000 0.4990 0.4838 0.4315 0.5142 0.5253 0.4648 0.4880 0.4485 0.4829 0.4946 0.5056 0.4690 0.4590 0.4422 0.4853 0.5064 0.4768 0.5060 0.5270 0.4972 0.4671 0.5205 0.5096 0.5189 0.5057 0.5021 0.4906 0.5379 0.4806 0.5185 0.5234 0.4754 0.5116 0.5093 0.5056 0.4807 0.4987 0.4755 0.4552 0.4642 0.4405 0.4775 0.4923 0.4948 0.4483 0.5082 0.4301 0.4884 0.4941 0.4948 0.5000 0.5442 0.5207 0.5366 0.4635 0.4691 0.5070 0.4635 0.5437 0.5641 0.4480 0.4626 0.4606 0.5115 0.4923 0.4738 0.4887 0.4959 0.4442 0.4399 0.4657 0.4538 0.4692 0.4818 0.4280 0.4244 0.4235 0.4749 0.4817 0.5067 0.2228 0.1587 0.1451 0.0000
1.0000 0.4659 0.4579 0.4741 0.4656 0.5319 0.4767 0.5188 0.4646 0.4082 0.3968 0.4404 0.4840 0.5099 0.4601 0.4468 0.4512 0.5171 0.4717 0.5013 0.4880 0.4220 0.5047 0.4790 0.4776 0.4556 0.4404 0.4679 0.4426 0.5310 0.4286 0.4419 0.4988 0.4881 0.5208 0.5011 0.4950 0.5324 0.5106 0.4912 0.4884 0.5085 0.4353 0.4902 0.4924 0.5016 0.5128 0.4947 0.4791 0.5150 0.4722 0.5656 0.5276 0.5217 0.5308 0.4625 0.4828 0.4662 0.4643 0.5462 0.5729 0.4598 0.5170 0.5180 0.5010 0.4969 0.5065 0.4473 0.4729 0.4688 0.4611 0.4545 0.4611 0.4972 0.4878 0.4872 0.4833 0.4381 0.4217 0.4737 0.3333 0.1893 0.1153 0.1281 0.0000
1.0000 0.5333 0.4750 0.4510 0.4703 0.4868 0.4655 0.5070 0.4381 0.4532 0.4306 0.4184 0.5161 0.5082 0.5000 0.5198 0.4609 0.5041 0.4932 0.4928 0.4416 0.5038 0.5049 0.5144 0.4939 0.4886 0.4625 0.5600 0.4787 0.5052 0.5051 0.4069 0.4620 0.5029 0.4919 0.4550 0.4894 0.4161 0.5193 0.4110 0.4553 0.5000 0.4070 0.5263 0.4573 0.5133 0.5000 0.4564 0.5188 0.5146 0.4894 0.5437 0.4706 0.4370 0.5510 0.6389 0.6038 0.4921 0.4615 0.5312 0.5000 0.4327 0.3273 0.4783 0.4940 0.4566 0.4826 0.5321 0.4696 0.4972 0.5000 0.5308 0.4438 0.5065 0.4435 0.4810 0.4829 0.4897 0.4646 0.4909 0.3571 0.4141 0.3399 0.4327 0.0000
1.0000 0.4737 0.5403 0.4784 0.4590 0.4960 0.5576 0.5108 0.4294 0.5153 0.5345 0.4692 0.3871 0.3986 0.5299 0.4286 0.4302 0.5395 0.5058 0.5255 0.4682 0.5241 0.5156 0.4915 0.5138 0.4638 0.5221 0.5231 0.3662 0.5437 0.5369 0.4734 0.4720 0.4673 0.5139 0.4615 0.4802 0.5149 0.5098 0.4938 0.4426 0.4950 0.4435 0.5192 0.4847 0.5389 0.4966 0.4824 0.4851 0.5060 0.4435 0.4865 0.5036 0.5412 0.5205 0.4479 0.5906 0.3472 0.4810 0.6140 0.5306 0.4207 0.4304 0.4858 0.4360 0.4451 0.4775 0.4931 0.4869 0.4675 0.4723 0.4586 0.4397 0.5049 0.4915 0.4599 0.5162 0.5107 0.5287 0.4844 0.3750 0.4839 0.4349 0.4676 0.0000
1.0000 0.4737 0.4762 0.4754 0.5081 0.4527 0.4248 0.4684 0.4245 0.4496 0.4567 0.4146 0.4527 0.4500 0.5172 0.5410 0.4785 0.5736 0.4574 0.5190 0.5401 0.4865 0.4739 0.4689 0.4416 0.5294 0.6197 0.4817 0.4667 0.4196 0.4333 0.4762 0.5417 0.4847 0.4692 0.4571 0.4931 0.5215 0.4518 0.4559 0.4912 0.4644 0.4382 0.4194 0.5134 0.4457 0.5053 0.4875 0.5258 0.5220 0.5108 0.4844 0.5500 0.5962 0.5385 0.5195 0.4715 0.5152 0.4615 0.4634 0.4412 0.4234 0.5067 0.5000 0.4812 0.5144 0.4861 0.5038 0.4703 0.4931 0.4864 0.4452 0.4927 0.4185 0.4468 0.3780 0.4680 0.4905 0.4608 0.4896 0.2667 0.1825 0.2301 0.1844 0.0000
1.0000 0.4719 0.5055 0.4797 0.4968 0.5231 0.4722 0.5018 0.4148 0.4645 0.4573 0.4692 0.5161 0.5346 0.4800 0.4928 0.4785 0.4817 0.4653 0.4898 0.4588 0.4913 0.5184 0.5515 0.5255 0.4784 0.4660 0.4545 0.4870 0.4621 0.4306 0.5140 0.5000 0.5365 0.5211 0.4418 0.5182 0.4643 0.5343 0.5064 0.5461 0.4810 0.4904 0.4143 0.4686 0.4444 0.5272 0.4388 0.5180 0.4368 0.4888 0.4437 0.5470 0.5408 0.4795 0.5208 0.5207 0.4340 0.3861 0.5385 0.3415 0.4148 0.4400 0.5000 0.4482 0.5000 0.4903 0.4917 0.4983 0.4502 0.4498 0.4356 0.3755 0.5372 0.4570 0.4571 0.4831 0.4601 0.4372 0.4326 0.5294 0.3247 0.2583 0.2907 0.0000
1.0000 0.4803 0.4568 0.4836 0.4545 0.4900 0.5046 0.4459 0.4503 0.4675 0.4658 0.4300 0.4670 0.4912 0.4836 0.4561 0.4921 0.4621 0.4532 0.4464 0.4505 0.4868 0.4830 0.4606 0.4689 0.5162 0.4956 0.5421 0.4231 0.4715 0.4740 0.4545 0.4770 0.5678 0.4647 0.4505 0.5282 0.5343 0.4735 0.4409 0.4934 0.5300 0.5495 0.3333 0.5089 0.5167 0.4985 0.4468 0.4835 0.5000 0.4762 0.5342 0.4962 0.5215 0.4845 0.4938 0.4828 0.4944 0.5647 0.5614 0.5000 0.4305 0.5244 0.4485 0.4723 0.5019 0.4758 0.5305 0.5018 0.4719 0.4719 0.4751 0.4559 0.5000 0.5131 0.4981 0.4704 0.4583 0.4615 0.4493 0.6522 0.4000 0.4228 0.4190 0.0000
1.0000 0.4237 0.4940 0.5267 0.4062 0.4458 0.4716 0.5204 0.4483 0.4828 0.4773 0.4390 0.4621 0.4930 0.4953 0.5479 0.4539 0.4510 0.4091 0.4856 0.4658 0.4783 0.4795 0.4970 0.4694 0.4903 0.4845 0.4455 0.4286 0.4286 0.4085 0.4429 0.4864 0.5176 0.5407 0.5684 0.5049 0.5798 0.5066 0.4746 0.5000 0.4432 0.4190 0.4364 0.4981 0.4832 0.4923 0.4813 0.4384 0.5070 0.4591 0.4621 0.6211 0.4857 0.5965 0.5368 0.5221 0.4839 0.3333 0.6087 0.6000 0.4459 0.4918 0.4956 0.5219 0.5372 0.5144 0.4801 0.4108 0.4711 0.4622 0.5068 0.4132 0.4949 0.5294 0.5212 0.4835 0.4717 0.4591 0.4922 0.4643 0.5116 0.4892 0.0101 0.0037
1.0000 0.5833 0.4877 0.4643 0.5106 0.4046 0.4960 0.4632 0.4258 0.4306 0.4145 0.4826 0.4724 0.4899 0.4526 0.5209 0.5257 0.4857 0.4752 0.5254 0.4830 0.4727 0.4917 0.5185 0.4448 0.4977 0.4615 0.5135 0.4793 0.4737 0.4777 0.4177 0.4854 0.4850 0.4500 0.4573 0.4846 0.4867 0.4674 0.4978 0.4286 0.4928 0.5231 0.4237 0.4172 0.5124 0.5127 0.5111 0.4864 0.4706 0.5447 0.5935 0.4815 0.5155 0.5556 0.4400 0.4967 0.4524 0.6618 0.3922 0.5610 0.4221 0.4627 0.4491 0.4983 0.4170 0.4813 0.4572 0.4573 0.4464 0.4468 0.5000 0.4062 0.4833 0.5324 0.5099 0.4724 0.4907 0.4715 0.4948 0.3750 0.1164 0.1201 0.0045 0.0000
1.0000 0.5145 0.5415 0.5673 0.4604 0.4674 0.5106 0.5255 0.4167 0.4718 0.4486 0.4670 0.4800 0.4494 0.5257 0.4814 0.4330 0.5132 0.4675 0.4893 0.4650 0.4561 0.4982 0.5252 0.4709 0.4728 0.4409 0.4476 0.5000 0.4702 0.4671 0.4921 0.5058 0.4672 0.4557 0.4859 0.5019 0.5243 0.5296 0.4894 0.4914 0.4640 0.3788 0.4167 0.5062 0.5099 0.5153 0.4601 0.4664 0.4431 0.4691 0.4938 0.4771 0.5455 0.6092 0.4091 0.5338 0.5604 0.4071 0.4821 0.5417 0.4244 0.4824 0.5000 0.4819 0.5161 0.4970 0.4985 0.4671 0.4680 0.4642 0.4628 0.4431 0.4359 0.3625 0.3930 0.4350 0.3981 0.3516 0.3864 0.3448 0.2962 0.1732 0.2293 0.0000
1.0000 0.4821 0.5064 0.5287 0.5046 0.4759 0.4545 0.4881 0.4628 0.4516 0.4242 0.4362 0.4483 0.4789 0.5047 0.5216 0.4870 0.5000 0.4842 0.4159 0.4965 0.4745 0.4871 0.5085 0.5135 0.4978 0.4878 0.5029 0.5446 0.4480 0.5231 0.5615 0.5024 0.5000 0.5323 0.4805 0.4840 0.4521 0.5400 0.4975 0.4946 0.4961 0.5484 0.5000 0.5182 0.4877 0.5317 0.5200 0.4930 0.4815 0.4777 0.4925 0.5133 0.6012 0.5185 0.4714 0.4265 0.3500 0.4262 0.5116 0.5278 0.4597 0.4478 0.5202 0.5138 0.4708 0.5020 0.4980 0.4521 0.4229 0.4253 0.4722 0.4213 0.4892 0.5038 0.4475 0.5830 0.4895 0.4949 0.4783 0.6154 0.1232 0.1053 0.0919 0.0000
1.0000 0.5115 0.5021 0.5303 0.4815 0.5232 0.5407 0.5018 0.5170 0.4933 0.4899 0.4663 0.5000 0.4868 0.4885 0.4760 0.4875 0.5556 0.4145 0.4900 0.3937 0.4621 0.4324 0.4781 0.4543 0.5018 0.5472 0.4839 0.4580 0.3851 0.5253 0.4802 0.4196 0.5205 0.4846 0.4542 0.5095 0.5182 0.4899 0.4577 0.4370 0.5328 0.4602 0.4355 0.4558 0.4415 0.5204 0.4066 0.5164 0.4521 0.5000 0.4180 0.5128 0.4689 0.6164 0.4045 0.5887 0.4767 0.4471 0.5510 0.5294 0.5241 0.5263 0.5115 0.5162 0.4906 0.5108 0.5094 0.4957 0.4502 0.4485 0.4902 0.3863 0.5618 0.4649 0.5325 0.4626 0.4943 0.4524 0.5447 0.6389 0.5311 0.4297 0.5419 0.0000
1.0000 0.4783 0.4823 0.4984 0.4241 0.4395 0.4671 0.4655 0.4523 0.4031 0.4197 0.4589 0.4798 0.4566 0.4759 0.4744 0.4861 0.4888 0.4651 0.4762 0.5211 0.5127 0.4655 0.4838 0.4698 0.4644 0.4236 0.4813 0.4494 0.4718 0.4973 0.4650 0.4879 0.4751 0.5318 0.4661 0.4811 0.4477 0.4646 0.4819 0.4643 0.4744 0.4390 0.4444 0.4501 0.4525 0.4835 0.4586 0.4817 0.5189 0.5275 0.4353 0.5000 0.5064 0.3895 0.4957 0.4514 0.5524 0.5600 0.5063 0.7255 0.4337 0.4375 0.4639 0.5013 0.4854 0.5529 0.5125 0.5528 0.4930 0.4917 0.4091 0.4469 0.4842 0.5166 0.5241 0.4900 0.4607 0.4837 0.4116 0.4571 0.2444 0.2128 0.1661 0.0000
1.0000 0.5876 0.4742 0.5315 0.4626 0.4953 0.5646 0.4564 0.4459 0.5000 0.4815 0.4684 0.4277 0.3975 0.4561 0.4714 0.5752 0.4919 0.4731 0.4762 0.5030 0.4830 0.4709 0.5016 0.4295 0.4841 0.4800 0.4747 0.5161 0.5862 0.4380 0.5342 0.5081 0.5326 0.5071 0.5095 0.5136 0.4905 0.4725 0.4607 0.4902 0.4640 0.5495 0.4576 0.4542 0.4512 0.5087 0.4805 0.4609 0.5468 0.5187 0.4779 0.5798 0.5183 0.5342 0.4684 0.4632 0.4478 0.5246 0.5098 0.5143 0.4423 0.4308 0.5142 0.5217 0.4924 0.4924 0.4882 0.4903 0.4649 0.4670 0.5359 0.4258 0.4378 0.5055 0.4264 0.4959 0.5067 0.5060 0.4467 0.5926 0.5566 0.4730 0.4255 0.0000
1.0000 0.5091 0.4701 0.4598 0.4471 0.4979 0.4920 0.4281 0.4875 0.5414 0.5556 0.4943 0.4035 0.4444 0.5217 0.4962 0.5000 0.5231 0.5210 0.4133 0.5287 0.4364 0.4622 0.4974 0.4795 0.5106 0.5200 0.4524 0.3946 0.4370 0.4913 0.5000 0.4595 0.4877 0.5368 0.5031 0.5341 0.5268 0.4398 0.4231 0.4579 0.5290 0.5200 0.4444 0.4966 0.4921 0.4893 0.4579 0.4679 0.5102 0.4960 0.4776 0.4758 0.5243 0.5875 0.4675 0.4809 0.3933 0.4032 0.6226 0.4667 0.4873 0.4219 0.4840 0.4286 0.5000 0.4890 0.4812 0.4947 0.4539 0.4559 0.5188 0.4265 0.4550 0.5089 0.5000 0.4795 0.4894 0.4647 0.4757 0.5455 0.4692 0.1569 0.0000 0.0000
1.0000 0.5280 0.5235 0.4786 0.4874 0.4880 0.4881 0.4810 0.4819 0.4541 0.4286 0.4802 0.4866 0.4872 0.4459 0.4966 0.4762 0.5093 0.4800 0.4755 0.4121 0.4208 0.4931 0.4784 0.4985 0.5000 0.5077 0.4698 0.5139 0.4397 0.4822 0.4859 0.4522 0.4839 0.4713 0.5117 0.4233 0.4694 0.4878 0.5395 0.5245 0.4729 0.4737 0.5224 0.5373 0.4957 0.5448 0.4954 0.4683 0.5026 0.4912 0.5385 0.4762 0.5330 0.4699 0.4912 0.5058 0.4757 0.4215 0.4286 0.5690 0.4727 0.3626 0.5145 0.5039 0.4960 0.5046 0.4587 0.4593 0.4527 0.4419 0.4524 0.4400 0.4595 0.4916 0.5243 0.5352 0.4752 0.4196 0.4722 0.5714 0.4892 0.4268 0.4327 0.0000
1.0000 0.4505 0.5392 0.4858 0.4563 0.5127 0.4617 0.5146 0.4813 0.4525 0.4224 0.4280 0.3966 0.4167 0.5368 0.5190 0.4225 0.5135 0.4688 0.4879 0.4713 0.4720 0.5026 0.4899 0.5010 0.4752 0.4178 0.4465 0.4971 0.4574 0.4107 0.4897 0.5062 0.4521 0.4623 0.5156 0.5070 0.4848 0.5297 0.5050 0.4629 0.4848 0.5202 0.5393 0.4707 0.5514 0.5084 0.4425 0.4277 0.4981 0.4767 0.5258 0.4633 0.5229 0.4563 0.5234 0.5654 0.4062 0.4766 0.4000 0.4925 0.4789 0.5043 0.5275 0.5039 0.4695 0.5274 0.5077 0.5200 0.4773 0.4698 0.4177 0.4118 0.4354 0.4917 0.5443 0.4975 0.4353 0.4871 0.4609 0.5217 0.0000 0.0025 0.0029 0.0000
1.0000 0.4699 0.5457 0.5059 0.4540 0.4875 0.4308 0.4961 0.4824 0.4886 0.4716 0.4416 0.4583 0.4541 0.4932 0.5000 0.5000 0.4800 0.5000 0.4698 0.5070 0.5073 0.4114 0.4967 0.5116 0.5138 0.4640 0.5204 0.4667 0.4756 0.4493 0.4050 0.4950 0.4643 0.5198 0.5076 0.4551 0.5000 0.5015 0.4651 0.4935 0.4809 0.4968 0.5125 0.4912 0.5336 0.5086 0.4333 0.4981 0.4817 0.4483 0.4355 0.4857 0.4358 0.4918 0.4946 0.4503 0.4696 0.4048 0.4848 0.6102 0.4795 0.4205 0.5410 0.5062 0.4612 0.5000 0.4479 0.4732 0.4353 0.4403 0.4409 0.4291 0.4981 0.4881 0.5291 0.5179 0.5216 0.4965 0.5028 0.3448 0.4559 0.3994 0.4191 0.0000
1.0000 0.5113 0.4674 0.4407 0.4830 0.5053 0.4981 0.4853 0.4713 0.5000 0.5122 0.4902 0.4332 0.4578 0.4483 0.4646 0.5047 0.5394 0.4765 0.4846 0.5208 0.4831 0.4881 0.4958 0.4672 0.4872 0.5000 0.5020 0.5128 0.4756 0.4684 0.5389 0.4689 0.5169 0.5000 0.5108 0.4735 0.5126 0.4915 0.4872 0.3701 0.5212 0.4897 0.5068 0.5033 0.5164 0.4987 0.4789 0.4145 0.5123 0.4722 0.5347 0.4733 0.5446 0.5258 0.5670 0.5385 0.4000 0.4608 0.4828 0.6538 0.4773 0.5584 0.4334 0.4301 0.4759 0.4915 0.5369 0.4329 0.4548 0.4613 0.4475 0.3456 0.4774 0.4715 0.4706 0.5016 0.5103 0.4535 0.4758 0.4865 0.4587 0.4605 0.4657 0.0000
1.0000 0.5309 0.4951 0.4709 0.4608 0.5429 0.5127 0.4475 0.4870 0.4785 0.4923 0.4410 0.4950 0.4973 0.4968 0.5090 0.4010 0.5028 0.5232 0.5186 0.4824 0.5305 0.5098 0.4522 0.5197 0.4211 0.4646 0.5317 0.5241 0.4588 0.4745 0.4750 0.4720 0.4194 0.5370 0.4404 0.4966 0.4696 0.4832 0.4728 0.5000 0.4575 0.4921 0.4026 0.5071 0.5130 0.5184 0.4135 0.5229 0.5802 0.4857 0.5529 0.5238 0.5067 0.5604 0.5263 0.4314 0.4368 0.4906 0.5833 0.6393 0.4872 0.4146 0.4842 0.4974 0.4764 0.4900 0.5013 0.5385 0.4754 0.4836 0.4478 0.4545 0.5263 0.4809 0.4628 0.5414 0.4927 0.4865 0.4893 0.4333 0.2991 0.2836 0.0071 0.0000
1.0000 0.4844 0.4898 0.4600 0.4623 0.4521 0.5340 0.5092 0.4235 0.4821 0.4826 0.5365 0.4645 0.4343 0.4779 0.5186 0.4647 0.4181 0.4791 0.4324 0.4785 0.4293 0.4710 0.4873 0.4918 0.4294 0.5504 0.4549 0.4965 0.5278 0.4950 0.4022 0.4444 0.5118 0.4745 0.4488 0.5103 0.5146 0.4275 0.4918 0.5033 0.4787 0.5000 0.5000 0.5042 0.4716 0.4895 0.4570 0.5520 0.4898 0.4733 0.5369 0.5132 0.5479 0.5867 0.5238 0.4633 0.4938 0.5047 0.4521 0.5238 0.4235 0.4085 0.4781 0.4700 0.4670 0.4874 0.4937 0.4846 0.4125 0.4219 0.4724 0.4880 0.5157 0.4771 0.5095 0.5132 0.4379 0.4719 0.5252 0.5833 0.4375 0.4888 0.4925 0.0000
