0 65 60 
60 54 
54 53 
53 51 
55 34 
34 52 
52 49 
46 15 
33 36 
51 55 
59 9 
49 46 
56 38 
15 26 
17 37 
1 59 
38 7 
23 48 
6 41 
36 35 
37 3 
5 56 
7 2 
41 32 
26 33 
35 5 
2 45 
24 23 
44 6 
27 39 
48 21 
20 44 
50 20 
21 19 
45 22 
22 24 
32 27 
14 25 
25 40 
19 50 
39 17 
42 47 
28 13 
3 14 
4 31 
31 61 
18 43 
9 10 
30 11 
40 1 
29 62 
13 16 
10 18 
16 29 
11 4 
47 28 
57 58 
8 42 
12 57 
43 30 
61 8 
62 12 
58 84 72 
63 64 
65 63 
64 66 
66 67 
67 68 
76 74 
73 79 
74 75 
68 76 
75 73 
80 81 
79 77 
77 78 
71 69 
78 71 
69 70 
70 80 
72 82 
81 83 
82 
83 
84 
