0 6 11 
11 7 
7 2 
20 9 
2 20 
9 19 
15 16 
5 17 
21 1 
19 15 
12 21 
8 18 
16 12 
10 5 
14 8 
1 14 
18 10 
17 4 
6 13 
4 3 
3 22 25 116 
13 24 
24 26 93 
83 120 
41 30 
75 32 
43 118 
93 83 
31 96 
53 31 
81 73 
118 53 
32 41 
96 59 
90 43 
97 33 
59 89 
86 72 
54 77 
73 50 
33 47 
87 114 
56 52 
109 106 
47 90 
120 75 
70 56 
106 87 
35 48 
65 115 
115 70 
48 109 
30 97 
72 94 
107 105 
50 65 
42 117 
29 82 
89 86 
94 35 
117 64 
64 45 
111 39 
112 76 
105 112 
114 107 
76 111 
39 81 
45 54 
52 29 
74 55 
77 95 
82 42 
116 99 
95 60 
60 74 
28 110 
71 37 
55 51 
51 28 
110 71 
37 61 
61 101 
66 44 
99 88 
78 100 
101 79 
88 104 
121 36 
104 57 
57 121 
36 85 
38 66 
44 78 
92 125 
85 38 
67 113 
49 92 
113 49 
125 128 
100 67 
84 119 
128 34 
34 40 
58 102 
40 69 
80 103 
79 80 
68 63 
103 84 
119 68 
63 58 
102 108 
46 126 122 124 
98 62 
91 98 
108 91 
25 
62 46 
22 23 
23 27 
69 123 129 
26 
124 127 
27 
129 
122 
126 
123 
127 
