197 186 98 0 52 0 0 170 160 0 173 210 127 16 202 121 166 216 192 165 61 99 171 202 70 176 9 196 105 19 20 158 96 18 251 192 162 135 237 44 184 0 210 58 97 152 162 206 225 130 111 148 211 129 0 21 197 0 196 184 0
121 101 59 0 27 1 0 120 103 0 111 117 83 3 107 79 109 132 165 100 41 71 131 129 27 101 7 97 69 5 1 104 50 15 144 96 129 99 143 5 106 1 138 13 62 79 105 130 126 65 71 82 123 80 0 13 134 1 109 110 0
115 100 54 0 17 0 0 95 19 0 71 108 60 1 108 86 111 120 113 90 48 38 105 132 23 104 0 113 48 6 0 99 31 9 128 98 97 69 101 7 97 0 116 1 48 84 106 129 103 14 72 55 104 64 0 11 105 0 21 94 0
101 94 53 0 38 0 0 115 0 0 91 112 61 5 84 63 110 106 115 120 38 49 105 119 24 86 0 100 76 7 0 91 50 6 145 104 107 88 126 6 132 1 113 0 67 83 88 104 127 0 48 67 118 64 0 1 134 0 0 99 0
109 89 51 0 32 0 0 105 17 0 74 115 57 2 106 60 96 118 140 91 50 55 92 106 15 82 3 90 60 13 30 86 48 8 134 97 101 91 112 7 107 0 107 5 44 81 95 129 116 18 64 70 108 64 0 5 109 1 14 98 0
86 91 49 0 28 0 0 86 0 0 87 115 62 4 107 78 100 116 99 90 46 37 87 100 15 100 0 75 54 8 0 79 58 15 119 78 102 69 103 7 90 1 93 0 52 78 70 119 115 0 50 53 89 54 0 1 104 2 1 92 1
94 101 52 0 27 0 0 99 73 0 88 89 53 3 92 56 88 122 141 116 42 34 87 116 14 95 0 99 48 10 0 94 45 2 133 110 119 80 104 11 112 0 118 14 39 96 89 115 116 55 68 65 108 64 0 2 107 0 99 119 0
85 73 35 0 25 0 0 80 65 0 62 80 44 2 80 51 71 67 97 63 22 28 64 93 14 82 44 58 34 7 32 65 33 9 93 63 72 54 89 5 78 1 82 8 42 72 65 80 94 29 46 47 96 56 0 46 76 0 51 96 0
115 110 62 0 19 0 0 119 133 0 111 144 76 4 121 74 113 117 170 123 48 55 117 151 28 112 107 110 66 7 0 113 58 10 160 123 123 104 132 7 111 0 145 13 51 92 92 134 158 68 87 79 127 82 0 118 143 1 156 120 0
88 93 41 0 20 1 0 86 112 0 83 101 53 2 115 61 92 112 122 84 35 41 91 108 14 92 90 94 47 3 0 64 49 4 123 98 95 63 107 7 89 0 116 11 61 96 73 105 122 65 43 48 94 46 0 94 115 0 84 81 0
197 172 100 8 63 197 23 212 190 19 160 206 148 13 204 171 134 229 211 198 81 106 186 197 64 186 128 183 116 16 0 171 98 38 219 180 196 137 235 45 189 139 213 97 101 123 149 199 233 146 144 114 195 116 45 229 206 56 216 200 36
106 103 48 0 24 112 0 94 102 0 82 102 49 2 93 58 100 126 120 95 37 40 100 124 14 80 84 90 62 12 0 90 48 7 139 97 88 75 98 8 132 111 115 11 44 102 82 100 127 50 71 67 118 71 1 112 107 2 110 105 1
101 87 52 0 14 85 1 79 111 0 102 93 43 1 95 48 94 116 120 81 41 29 96 101 19 114 74 88 57 2 0 84 49 7 122 82 80 89 98 9 90 48 101 5 39 76 66 120 94 63 65 46 120 54 0 91 102 4 126 94 3
73 82 40 0 20 111 0 71 103 0 72 104 44 5 92 65 108 122 99 98 39 43 82 93 18 105 84 89 62 7 0 84 46 7 136 92 94 63 96 7 95 112 95 17 37 69 79 98 111 55 83 62 101 49 0 95 101 0 110 88 1
92 92 45 0 32 118 0 87 99 0 96 90 49 1 95 49 88 92 108 75 30 34 89 85 15 74 79 82 49 11 0 68 49 10 117 93 92 85 89 3 90 84 102 17 37 78 79 118 102 51 57 34 113 70 0 94 95 1 103 93 0
93 95 49 0 23 59 0 88 94 0 69 83 60 0 82 45 90 128 118 86 35 38 90 112 10 81 34 100 46 9 0 76 51 8 122 89 103 75 114 8 100 41 105 19 32 71 72 97 89 57 58 54 102 56 0 101 96 0 106 100 0
76 83 44 0 34 77 0 79 105 19 76 95 53 1 70 53 90 102 106 80 47 36 85 98 15 81 49 100 58 7 0 80 44 11 123 80 79 78 83 8 90 64 97 11 46 74 79 100 114 61 54 51 92 53 1 94 87 2 103 80 3
87 72 44 0 17 119 0 83 96 0 58 109 42 5 90 54 79 113 118 101 39 37 91 108 13 98 72 87 38 4 0 94 51 11 137 88 95 111 132 11 75 119 87 16 44 79 102 124 101 56 50 57 148 81 1 99 109 1 114 88 0
83 75 42 0 19 109 0 83 99 0 76 101 51 1 123 62 87 104 111 76 49 40 98 107 19 117 103 87 56 4 0 74 41 7 132 93 95 66 119 4 102 109 108 11 45 80 79 103 92 64 60 52 101 69 0 102 109 0 114 96 0
86 79 39 0 22 104 0 97 89 0 82 71 65 3 76 58 83 100 121 73 31 33 85 107 18 94 71 76 46 2 0 74 43 8 130 81 98 61 105 7 89 84 108 10 27 69 77 96 113 55 48 52 88 59 0 83 108 0 103 82 0
83 100 47 0 31 135 21 117 97 1 107 109 50 2 116 69 94 112 109 79 50 35 109 132 16 116 93 105 50 7 0 88 50 8 150 112 101 84 111 8 81 113 123 16 46 88 94 114 133 43 71 68 100 65 118 90 136 110 137 110 94
119 98 43 0 23 1 0 114 97 0 80 97 59 4 99 68 108 123 126 79 45 47 80 110 12 114 3 91 61 4 0 91 49 8 144 89 99 65 92 4 100 0 111 10 42 69 75 116 127 74 73 58 107 67 0 94 101 0 110 100 0
95 93 47 0 29 53 5 93 98 0 89 90 55 0 80 49 106 104 119 87 24 30 90 95 23 90 34 77 52 6 0 89 32 12 122 103 106 68 115 9 98 51 80 14 50 71 66 105 123 60 61 62 105 69 39 104 129 33 92 87 38
132 131 67 100 36 139 2 106 137 0 90 139 65 1 128 67 105 147 164 124 61 49 122 137 18 110 124 132 72 12 0 118 64 17 148 100 110 83 128 8 127 126 150 20 59 117 93 156 135 91 88 77 137 100 9 125 151 5 150 107 5
136 130 74 0 34 0 0 135 164 0 104 136 85 2 133 83 131 160 184 138 52 54 121 172 22 160 129 149 71 14 0 126 75 11 194 126 157 124 154 7 134 0 178 15 72 113 107 166 190 78 109 77 163 77 1 161 171 0 179 153 0
112 104 54 0 18 0 0 112 107 0 106 107 69 5 140 73 122 150 129 104 53 44 98 129 19 108 0 98 62 4 0 106 56 10 141 120 117 84 138 8 115 1 115 8 42 92 99 128 151 64 71 63 124 64 0 1 118 0 111 119 1
108 101 52 0 24 0 0 108 1 0 99 115 66 7 117 65 103 117 136 85 43 44 92 116 15 96 0 90 63 8 0 101 50 8 157 119 115 70 136 14 109 1 98 0 40 78 76 118 111 0 79 53 97 71 0 1 135 0 4 100 0
142 114 63 0 38 0 0 154 0 0 134 163 73 7 142 68 128 159 183 123 54 66 116 148 18 111 0 139 83 5 0 128 79 11 217 123 160 105 146 14 132 0 152 0 81 90 90 133 160 0 91 68 153 66 0 0 166 0 0 127 0
140 105 58 0 27 0 0 113 21 0 127 131 75 4 140 69 106 149 151 122 36 54 113 141 21 118 0 135 77 10 0 109 71 8 159 111 144 97 143 8 136 0 122 0 43 79 115 113 148 12 76 67 138 91 1 6 142 0 16 133 0
135 123 71 0 27 0 0 117 0 0 120 118 70 3 134 85 142 170 154 122 45 53 119 166 27 105 1 143 91 5 1 112 72 13 203 119 142 94 155 14 119 0 150 0 65 116 117 148 134 0 79 85 130 100 1 0 168 0 2 117 0
149 114 42 0 27 0 0 124 70 0 118 146 73 9 109 90 107 129 149 125 52 48 116 142 27 96 1 121 69 11 0 97 51 7 164 108 132 109 122 10 119 0 131 7 53 101 95 132 134 40 70 62 104 80 0 0 143 0 93 122 0
91 126 52 0 34 1 0 95 68 0 96 117 61 5 133 69 101 117 145 114 54 36 98 118 19 119 73 118 61 15 68 90 76 9 166 110 127 94 155 6 108 0 137 10 58 77 76 160 135 25 69 68 118 74 0 71 139 1 82 113 0
132 121 72 0 26 0 0 112 149 0 107 141 80 2 104 84 115 149 142 121 44 44 114 144 16 132 96 127 69 5 0 114 58 10 177 116 143 100 155 7 145 1 144 16 60 98 102 154 146 81 89 71 133 90 0 139 136 1 163 112 0
97 84 56 0 20 107 1 117 109 0 97 107 58 6 114 68 104 122 130 102 46 37 104 112 27 97 74 100 60 8 0 92 45 9 136 107 104 68 119 8 95 71 138 17 48 68 106 112 130 78 64 57 103 71 5 129 122 3 145 96 4
110 123 33 0 25 143 0 124 109 0 129 143 55 6 115 70 89 142 136 105 37 38 100 140 23 105 84 105 82 6 0 101 52 13 144 95 125 91 146 16 121 127 127 9 47 62 101 112 130 58 57 69 117 85 0 119 159 0 137 111 0
126 94 46 0 36 143 0 118 117 0 89 103 75 7 146 78 98 123 135 79 39 41 125 151 20 115 99 138 79 9 0 109 38 9 152 111 116 112 181 20 112 121 136 14 43 84 104 130 137 75 72 66 124 88 0 122 130 0 166 128 0
96 94 49 0 29 95 1 97 132 0 103 105 56 1 107 66 101 123 139 76 49 34 82 103 20 70 49 93 57 6 0 110 33 3 173 103 122 88 130 14 106 81 101 8 50 81 89 112 136 48 76 55 118 68 3 109 128 2 143 95 0
95 81 49 0 36 6 0 89 108 5 85 110 55 2 105 54 102 127 138 86 44 42 94 111 14 96 8 98 70 10 0 85 31 9 162 104 98 77 102 15 90 7 110 14 48 78 84 119 106 47 82 69 101 63 1 109 96 0 122 105 1
100 101 48 0 19 117 0 110 95 0 88 103 59 5 126 75 124 142 128 97 39 51 99 102 31 107 116 97 72 7 0 93 67 6 167 88 100 116 188 18 117 122 136 10 56 91 89 116 106 50 49 63 137 102 0 102 118 0 138 106 1
96 88 53 0 33 122 0 107 99 0 73 99 62 1 88 73 110 139 120 85 50 50 123 123 23 106 99 105 67 5 0 84 36 7 147 96 118 67 108 12 85 130 111 19 45 85 97 110 144 67 61 41 108 58 0 136 119 0 99 94 1
130 114 62 0 17 174 0 123 134 0 108 167 71 4 140 81 133 163 183 116 41 44 109 134 24 115 88 122 71 10 0 105 55 10 184 126 121 82 139 6 114 127 116 12 65 120 102 156 162 79 75 62 136 86 0 143 154 0 150 122 0
67 80 36 0 25 102 16 74 88 0 65 87 46 2 62 38 84 100 108 85 31 30 90 95 14 78 96 76 58 5 0 70 36 6 128 100 89 72 98 5 94 87 102 6 31 74 72 99 83 44 58 65 95 51 111 97 91 88 132 77 75
101 74 41 0 26 2 0 93 95 0 92 94 47 4 111 76 112 117 131 102 38 41 88 139 15 98 0 103 53 7 0 77 46 11 138 100 124 73 116 4 122 2 106 19 44 60 78 90 122 54 45 48 86 53 1 88 102 0 134 103 0
1 1 0 0 1 0 0 0 0 0 2 0 1 0 2 2 2 1 3 0 0 1 2 0 0 0 0 1 1 0 0 0 0 0 4 0 0 0 1 0 0 0 1 0 0 0 0 1 2 0 0 4 2 0 0 1 2 1 1 0 0
70 65 28 0 16 0 0 60 75 0 64 70 45 1 67 47 70 74 71 68 23 28 66 97 16 65 45 68 37 13 0 51 30 5 107 64 92 57 86 4 82 0 85 11 33 41 72 100 75 45 64 44 74 46 0 97 83 0 87 68 0
