441 353 201 600 84 570 185 394 411 252 407 420 269 31 446 250 346 453 394 339 176 210 353 423 136 376 165 387 234 33 478 353 199 54 518 385 352 270 493 79 393 458 436 144 182 415 318 513 483 285 268 299 395 293 490 467 436 441 467 184 198
255 213 117 391 46 309 50 240 266 161 259 254 154 8 242 158 231 274 324 215 90 132 252 244 55 217 118 213 149 9 299 223 118 28 316 200 243 176 289 15 225 319 282 25 121 225 194 361 270 158 143 167 237 159 300 270 273 261 296 110 108
249 200 109 391 38 306 58 222 223 135 199 223 126 2 227 140 214 252 264 188 94 87 230 260 42 194 115 234 105 12 270 189 77 15 280 210 207 152 212 11 220 392 222 23 91 204 205 689 216 119 147 130 217 132 258 218 259 259 257 95 93
229 191 103 317 66 262 62 216 249 129 219 229 139 10 192 126 230 245 233 246 98 104 224 244 47 165 123 208 129 11 258 190 112 18 302 208 203 177 245 10 231 643 225 31 113 228 178 631 254 131 123 142 237 130 276 251 284 254 273 99 94
237 189 100 316 56 285 70 221 226 148 191 238 122 7 201 134 178 248 286 188 95 105 213 244 41 176 83 187 120 19 198 174 105 20 285 219 193 161 213 20 197 358 214 24 92 220 183 458 235 120 128 153 214 144 256 167 230 254 208 98 94
239 186 88 312 44 283 67 192 203 108 193 207 123 4 208 150 191 231 207 178 103 86 206 207 34 188 79 180 110 16 221 180 121 22 254 163 198 132 210 13 177 404 221 20 107 212 142 574 234 121 111 131 200 143 266 193 222 205 222 92 88
229 193 97 344 53 298 63 211 204 105 218 201 113 7 196 128 189 264 273 231 100 80 193 251 29 190 103 210 106 13 229 186 91 14 267 207 227 146 218 13 228 245 230 28 98 246 157 247 238 128 143 143 207 148 246 225 220 237 275 120 110
190 142 74 231 43 214 43 151 203 95 154 164 79 6 180 97 148 144 216 142 51 64 142 207 30 156 89 133 74 17 198 126 77 19 209 143 184 110 193 11 159 261 150 15 85 166 135 250 190 116 92 110 175 125 215 156 160 191 182 97 70
255 222 129 437 51 304 71 258 248 163 241 285 153 6 258 172 248 270 340 234 93 104 230 291 48 222 112 221 142 11 295 232 105 25 321 238 262 203 295 21 259 269 294 23 103 256 171 306 316 135 182 161 238 176 300 262 327 290 306 128 121
200 180 97 312 29 284 33 179 214 150 199 212 123 9 228 126 196 225 260 179 85 78 205 210 27 188 90 190 99 8 241 150 86 15 244 163 206 140 211 15 183 207 232 18 105 237 162 217 232 117 110 121 182 119 236 205 227 227 202 81 82
459 336 204 595 134 565 195 419 401 260 422 422 291 41 433 302 333 461 429 396 183 217 387 411 135 356 154 362 223 42 466 328 197 69 476 328 401 269 480 93 407 367 403 202 207 374 326 413 474 263 306 259 389 245 483 477 446 412 419 200 173
217 195 97 328 42 275 48 204 197 117 185 208 101 3 212 114 194 241 254 189 93 90 221 250 28 184 90 177 109 16 242 174 102 18 287 194 183 161 246 15 247 245 255 23 86 238 168 246 256 102 143 147 229 149 262 231 214 252 256 105 103
217 157 101 319 30 234 73 182 207 119 206 188 99 3 197 109 177 227 242 169 98 61 187 219 43 201 78 194 110 13 239 173 94 21 241 171 157 172 193 13 188 198 215 15 85 186 154 232 212 111 130 104 210 127 205 205 236 198 267 95 82
192 152 86 285 47 228 58 150 209 114 163 209 117 10 198 119 189 243 217 189 82 74 182 198 46 205 87 181 134 20 231 184 90 13 262 185 204 131 183 14 182 219 218 25 87 186 154 193 228 118 163 118 215 118 258 189 218 229 215 89 90
207 178 83 318 52 240 60 184 190 136 193 206 108 1 190 106 159 201 234 160 81 72 167 204 31 147 82 159 104 18 229 145 99 17 252 181 181 151 186 7 185 191 216 23 74 192 158 218 193 95 115 111 200 135 210 188 194 245 242 94 91
202 193 95 303 51 227 58 191 193 152 174 183 132 3 168 115 201 252 237 160 97 78 159 233 25 166 74 198 89 15 217 165 95 16 251 194 212 145 201 10 198 202 209 31 79 201 143 204 206 109 112 122 208 122 239 201 215 210 222 101 78
174 158 79 292 53 236 34 179 197 115 165 185 110 1 165 104 167 209 218 180 95 71 171 185 34 166 85 183 115 13 202 173 94 22 249 161 180 155 196 14 199 240 203 19 82 195 155 214 244 114 115 124 184 108 258 193 211 203 208 80 99
194 152 81 278 32 258 43 180 210 113 174 200 99 7 193 125 152 241 217 190 73 82 203 223 28 190 72 194 77 12 241 187 82 21 277 175 168 218 284 22 182 222 205 26 99 208 188 244 216 109 118 118 242 169 228 198 225 247 228 88 87
202 182 84 272 29 215 40 180 220 123 195 189 102 3 223 124 179 203 219 170 102 82 202 229 32 213 103 174 103 8 194 148 92 14 262 169 179 150 225 5 180 208 220 22 91 209 146 221 201 122 118 122 196 134 242 193 241 245 228 96 92
193 181 95 282 34 230 46 190 177 121 185 161 131 6 172 109 188 203 234 183 72 70 185 221 32 157 73 157 90 6 197 148 92 17 256 167 173 126 191 15 179 194 203 23 86 189 134 207 209 97 112 99 172 116 268 173 221 210 219 82 82
226 192 88 347 53 268 45 227 204 129 229 221 111 3 230 134 205 235 234 172 104 77 208 266 40 232 93 208 115 13 236 178 105 18 315 226 244 168 224 15 192 233 250 24 96 230 173 231 248 95 152 144 206 126 240 207 270 232 250 110 96
245 185 85 324 42 273 53 237 184 145 203 210 113 4 205 129 194 241 256 171 95 87 162 222 26 223 110 203 122 14 261 181 86 22 265 183 212 156 209 9 215 217 219 22 92 229 159 243 250 125 144 132 223 144 256 209 230 234 232 100 87
211 170 91 337 47 240 42 197 201 122 207 182 101 3 181 99 182 229 232 185 68 78 183 225 43 179 94 160 108 13 238 175 84 19 255 179 206 142 244 17 211 235 185 20 98 197 151 222 244 119 110 134 210 150 256 188 239 205 183 87 91
291 271 136 372 61 316 68 241 274 162 213 280 153 1 264 155 212 307 351 241 141 112 257 265 33 252 126 265 145 17 284 238 133 33 311 214 267 194 291 16 257 281 299 33 112 295 191 318 287 171 175 173 288 182 330 366 439 323 320 108 122
305 251 154 511 66 388 55 304 323 195 264 342 178 6 256 169 273 357 364 275 127 110 282 365 43 293 131 324 162 28 347 251 137 24 407 265 299 235 341 12 294 347 370 27 136 316 216 332 381 178 215 178 307 190 392 299 374 340 357 157 149
269 211 104 395 33 290 37 204 248 134 242 229 135 10 263 143 224 285 298 214 122 81 205 246 33 208 98 213 115 10 278 222 111 16 304 228 237 167 263 12 231 296 246 32 93 245 191 338 292 144 135 137 233 141 272 256 248 299 307 123 89
258 201 108 350 46 301 53 230 270 154 225 235 125 9 226 149 198 246 259 186 87 84 214 244 33 182 87 193 144 21 237 211 108 19 320 234 232 168 267 21 226 510 225 19 94 226 158 738 247 115 150 119 203 149 252 219 283 264 321 101 99
296 229 125 453 70 413 66 286 282 170 306 334 150 13 256 155 255 318 372 242 103 131 227 342 40 227 129 265 170 11 329 250 139 21 451 266 329 202 315 25 268 856 321 20 147 289 219 857 324 161 185 148 268 156 343 306 375 356 356 128 140
317 217 116 425 54 342 58 280 259 155 287 255 137 11 274 168 226 302 313 243 91 114 221 287 39 239 128 259 145 19 299 240 133 16 363 246 289 204 307 18 264 431 261 24 107 246 207 632 332 166 181 152 276 177 300 261 292 303 321 138 123
335 250 141 468 41 391 83 276 277 169 270 282 144 8 285 175 281 336 295 252 112 117 258 324 46 236 143 268 177 14 326 247 142 28 387 276 296 195 305 27 255 783 333 22 143 291 229 825 291 175 183 189 273 197 334 290 329 316 356 118 121
299 234 102 428 54 321 57 252 243 177 246 281 147 12 238 157 239 263 319 244 112 101 241 280 50 192 108 252 143 24 267 236 115 22 325 235 257 200 292 20 246 296 277 18 116 282 201 265 306 145 136 142 216 171 327 252 292 304 345 125 109
231 244 112 440 56 396 50 214 281 165 229 252 133 12 255 152 242 257 305 239 114 97 242 293 37 255 124 266 147 25 315 212 135 23 380 243 272 198 282 14 220 433 277 36 103 226 178 429 288 133 165 130 235 160 281 282 308 288 332 125 123
295 248 137 417 44 379 41 275 288 183 264 279 144 9 225 160 245 303 291 247 128 105 261 269 35 276 96 265 138 10 309 238 131 22 363 243 278 201 315 12 298 271 287 26 118 280 208 306 310 152 172 177 262 162 318 288 322 312 338 113 136
233 175 93 364 38 300 49 241 232 140 217 219 121 8 230 134 204 259 269 210 90 92 206 218 45 203 102 211 114 19 269 169 92 20 303 215 246 163 252 17 195 210 251 27 101 224 191 236 245 143 147 120 183 145 268 240 253 234 283 97 99
257 215 83 372 54 287 71 234 248 120 244 257 140 10 227 137 187 268 282 221 86 89 205 298 35 216 88 219 140 18 260 195 116 26 305 191 240 172 272 21 245 254 264 19 103 201 209 234 279 116 143 140 234 159 264 229 297 263 286 112 103
254 211 85 393 60 310 74 245 225 138 213 224 144 14 277 145 211 272 279 193 88 90 231 292 36 215 101 282 153 17 296 215 85 23 321 218 250 205 306 32 230 247 267 23 98 242 202 265 279 140 142 139 244 168 256 240 299 243 303 130 93
228 190 98 357 55 307 47 219 257 114 232 214 117 6 218 133 212 233 260 175 95 78 190 224 43 167 102 203 118 11 253 211 84 11 319 198 233 163 268 22 203 248 233 18 94 240 169 219 295 110 166 127 211 119 267 226 280 254 263 100 106
240 186 107 374 56 272 67 223 215 145 196 241 117 3 210 122 175 260 290 189 87 85 191 226 28 187 88 221 137 18 256 185 74 16 317 229 215 152 217 23 195 231 236 29 95 227 168 254 215 106 150 152 193 114 268 220 245 233 259 107 91
263 212 114 344 36 282 71 211 201 119 220 209 119 7 222 135 236 280 290 207 86 96 217 259 53 210 117 217 138 19 257 191 117 21 319 193 225 227 369 31 225 236 255 22 97 226 172 231 240 117 119 124 250 174 261 205 276 253 300 107 102
234 185 102 329 59 278 50 209 200 142 167 212 115 4 194 128 198 260 259 190 101 92 238 238 41 205 100 224 135 11 222 198 86 13 275 201 236 153 226 27 191 243 231 28 88 220 170 237 275 125 140 119 228 123 225 222 259 233 247 98 117
305 244 117 382 45 356 50 256 271 170 256 283 137 9 269 160 279 320 327 254 116 103 232 270 47 230 100 273 141 13 337 239 109 26 375 237 254 166 269 12 271 292 254 24 117 283 208 306 328 152 158 151 251 185 306 302 315 338 315 129 132
168 157 70 264 28 230 36 169 169 99 177 185 90 5 136 90 166 199 228 166 66 89 166 228 34 173 97 184 106 13 184 153 85 14 247 180 177 134 194 10 186 177 172 15 78 175 139 203 176 102 113 130 187 102 219 190 182 186 245 121 79
232 161 86 364 51 296 55 189 191 112 206 198 96 7 208 147 225 244 261 206 90 80 188 262 26 200 80 214 105 16 249 188 85 24 258 189 247 148 233 10 216 235 221 32 97 187 141 222 255 106 113 112 189 116 243 202 229 230 250 105 105
304 291 137 466 66 440 60 347 311 212 299 305 142 10 276 171 264 350 379 279 137 120 277 304 53 253 248 258 163 13 341 249 122 23 397 269 304 233 341 43 290 315 347 35 125 299 210 341 376 177 226 203 259 197 347 324 337 374 366 274 234
162 134 59 253 38 193 31 147 125 93 155 141 96 3 147 83 149 164 167 154 51 59 138 193 30 128 45 130 74 15 206 107 61 13 219 117 171 119 178 8 165 188 164 19 70 137 141 199 162 78 103 94 144 99 173 179 181 189 185 69 63
