48 39 48 53 42 49 42 49 52 55 47 48 39 46 48 48 38 36 49 49 52 44 50 58 47 58 61 58 45 44 52 57 36 42 58 48 45 59 54 61 49 54 47 54 41 47 54 48 53 41 63 48 47 34 45 56 46 50 44 49 47 53 53 53 43 49 51 41 48 62 54 52 45 48 47 47 54 38 61 39 53 54 47 53 55 48 52 51 39 52 56 61 50 51 53 53 55 54 52 49
41 49 33 48 65 56 56 53 45 44 44 56 45 61 49 47 50 68 44 42 55 55 52 46 49 54 64 47 52 53 44 55 47 45 54 46 49 51 40 52 67 48 56 56 59 45 43 49 33 59 56 52 41 46 52 52 54 60 60 49 44 54 52 50 61 58 51 58 48 51 40 55 42 52 48 37 42 39 54 51 45 42 53 55 58 41 51 48 53 43 46 59 49 44 54 50 42 61 53 53
47 51 45 48 46 54 64 41 60 57 37 46 58 51 59 44 58 46 50 52 41 58 47 62 56 49 56 63 53 52 61 43 52 43 37 53 29 58 68 43 44 54 48 63 56 44 49 53 50 56 50 62 56 46 46 42 59 49 50 41 37 41 57 57 31 51 49 39 56 51 56 57 62 58 48 55 51 46 41 61 61 48 50 66 54 54 49 51 43 55 48 63 49 54 48 63 50 42 48 50
48 51 47 51 53 48 44 57 54 59 43 54 46 46 39 40 63 59 67 59 50 52 55 60 60 51 45 60 46 47 50 49 40 45 41 60 55 52 38 34 36 48 51 43 52 61 50 50 63 45 54 50 55 54 58 52 43 59 40 50 67 55 53 51 50 52 52 41 66 49 41 51 50 53 45 50 52 43 36 72 36 52 52 47 59 38 62 58 30 46 47 46 43 40 45 43 52 59 71 44
62 36 55 43 41 54 49 45 39 51 44 52 55 41 46 57 43 40 49 59 66 52 47 53 54 45 53 49 50 51 58 39 53 44 46 36 45 51 41 57 47 49 49 43 57 49 43 52 46 44 50 60 56 58 51 51 57 60 37 50 51 55 48 51 55 52 45 52 55 38 46 59 30 52 45 48 36 35 42 49 50 51 61 38 51 41 42 48 47 49 55 40 57 51 43 51 56 43 62 60
46 51 51 58 52 50 53 55 45 66 52 45 54 42 50 48 47 51 43 39 51 52 49 46 35 58 45 57 39 49 49 47 45 44 58 54 54 51 42 47 37 42 50 34 58 65 63 58 43 48 40 42 65 42 47 48 48 40 48 44 52 42 47 47 40 47 50 50 54 64 56 45 46 52 54 58 41 66 62 51 50 48 44 48 43 56 54 57 54 43 56 42 40 53 47 48 47 44 55 48
48 40 38 36 52 48 55 50 40 43 61 53 48 36 53 49 36 54 58 55 48 59 54 49 49 57 43 53 47 46 40 52 57 50 46 49 45 52 52 38 50 41 59 53 57 58 53 59 48 51 49 45 58 38 47 36 45 43 46 43 55 63 51 49 65 38 52 47 37 49 45 36 44 60 54 46 41 48 43 49 35 46 54 46 61 60 55 54 52 57 39 48 49 52 48 48 49 48 51 49
50 49 54 52 51 62 55 57 56 47 52 50 49 51 44 56 56 55 50 42 46 44 54 49 50 52 52 57 47 43 40 50 49 55 48 59 47 44 40 49 60 55 55 48 39 54 50 46 52 49 57 41 46 49 46 46 38 69 44 42 37 47 42 38 42 58 61 45 44 48 47 45 61 48 41 47 53 49 47 54 53 59 52 38 51 52 52 54 51 53 61 50 46 38 51 50 35 48 52 56
42 48 51 49 57 46 62 49 45 64 50 53 49 56 50 49 50 51 61 56 38 42 50 55 46 58 40 45 48 38 45 62 43 52 63 38 49 41 53 55 48 41 46 51 49 55 44 49 59 57 54 47 54 61 43 42 52 55 56 47 60 47 39 47 43 42 59 42 48 60 46 43 53 51 50 58 55 48 45 37 43 44 57 47 52 40 51 48 62 58 53 32 51 52 56 46 47 44 48 50
46 43 36 56 53 33 34 39 66 51 58 47 48 56 53 49 44 59 52 44 56 47 49 41 53 48 36 53 54 56 51 58 55 44 51 61 55 40 57 63 52 51 58 41 41 48 47 45 55 48 44 53 55 41 58 48 43 52 42 52 64 40 42 58 56 39 56 63 55 54 46 44 55 65 49 41 52 58 48 43 47 48 48 48 50 43 53 59 55 47 49 48 54 45 51 60 67 53 56 61
