0 0 1 0 12 0 9 0 0 0 5 0 3 0 0 0 0 6 0 5 1 10 0 0 0 0 0 0 3 10 0 0 0 0 0 0 0 0 6 6 0 0 8 0 0 9 5 2 0 0 0 1 7 7 0 8 0 0 0 0 0 0 6 0 0 4 0 0 0 0 10 0 0 4 0 3 4 12 0 15 0 0 0 0 1 0 0 12 8 0 0 0 6 0 6 0 0 0 5 0
0 1 15 0 9 2 9 0 1 3 8 0 13 0 3 5 2 9 0 8 3 13 4 0 1 3 3 0 7 6 0 0 0 0 3 0 3 0 10 11 4 0 11 2 0 6 3 10 0 0 0 5 9 8 4 15 2 3 0 0 0 0 12 0 3 12 0 0 2 3 13 1 14 6 2 11 8 13 2 9 0 3 5 4 10 4 3 9 11 2 1 0 9 0 11 0 6 6 13 0
3 2 20 1 12 7 6 2 13 3 12 0 10 2 6 3 8 13 4 15 5 15 4 2 2 12 2 3 18 8 2 4 4 0 3 2 3 0 13 7 5 2 8 5 0 12 8 14 6 2 3 8 13 11 7 11 2 2 3 4 3 2 13 3 9 12 5 2 8 8 16 7 15 9 6 6 17 6 10 9 5 4 8 6 23 8 11 7 25 9 4 2 11 1 21 5 13 4 11 3
4 1 20 1 13 30 19 2 6 31 10 2 8 8 1 8 8 9 0 17 30 10 8 2 2 14 3 5 17 9 1 4 7 0 8 0 27 1 26 5 5 1 13 9 1 13 10 15 3 0 4 31 15 6 2 13 3 32 30 7 3 5 16 2 8 14 4 2 5 30 12 24 12 7 26 12 17 12 8 13 1 27 6 27 15 5 4 10 10 5 2 1 12 3 22 28 9 9 7 4
1 0 12 7 14 5 16 4 3 6 8 9 8 4 5 3 2 12 2 9 2 17 2 0 0 3 2 7 8 6 4 1 3 4 2 3 5 0 8 4 3 6 11 2 1 13 20 8 7 3 8 4 13 11 3 20 6 4 6 4 1 5 9 5 3 16 6 2 3 3 16 4 8 6 3 17 12 14 3 8 8 4 2 3 7 2 1 12 12 3 1 5 16 11 11 2 4 6 9 7
1 1 26 11 17 5 18 8 9 7 21 3 11 1 4 2 9 9 3 27 11 20 10 1 0 16 3 7 24 15 8 3 7 6 2 6 8 0 25 14 1 9 25 13 0 14 20 28 1 1 8 7 21 11 4 13 6 9 8 1 8 2 27 7 10 30 1 1 9 9 25 9 16 8 9 25 29 21 10 23 11 5 11 5 25 2 13 22 19 4 0 5 23 9 31 5 16 4 8 13
0 0 15 0 16 0 12 0 3 4 14 0 33 3 1 3 2 26 0 7 3 7 1 0 0 2 6 0 11 33 0 0 0 0 4 0 1 0 7 34 3 0 8 3 1 6 12 12 0 1 0 5 10 31 4 11 3 1 1 0 0 0 15 0 2 7 0 0 5 1 8 3 10 28 3 9 11 4 4 10 0 0 5 3 11 4 5 5 12 6 0 0 7 0 11 4 4 2 31 0
3 1 15 12 16 48 9 7 6 46 17 11 12 12 3 7 9 13 2 14 46 16 10 1 2 11 8 7 18 11 13 2 4 5 6 7 48 3 13 11 7 6 8 5 4 14 10 13 5 3 14 50 15 13 8 12 10 45 43 4 15 3 21 13 11 12 8 2 7 45 13 44 15 15 45 7 14 11 7 17 7 44 8 43 22 1 11 15 21 7 3 10 8 12 13 47 8 8 12 8
3 1 13 7 16 31 12 9 12 29 13 5 6 11 8 12 12 4 9 13 34 12 7 9 6 10 12 7 17 13 8 13 10 7 18 5 34 7 13 8 14 7 16 7 3 16 6 21 14 9 10 33 7 5 11 19 8 34 34 7 5 14 13 7 8 18 13 5 6 38 14 30 12 8 27 16 17 14 10 14 6 37 5 29 14 10 12 11 15 9 2 7 20 4 17 37 11 8 12 6
0 0 11 21 13 6 9 16 3 3 9 21 3 4 3 4 2 4 0 9 3 11 2 0 0 0 4 12 12 6 20 0 0 19 3 17 3 0 13 4 6 17 5 1 0 11 10 10 0 2 14 1 13 7 2 14 2 2 3 0 14 0 10 19 4 6 0 2 4 3 16 7 14 5 2 8 16 6 3 10 15 2 6 2 8 2 3 8 14 4 2 16 8 19 7 5 5 4 5 20
