0.0000 0.1866 0.0000 0.0039 0.0000 0.1557 0.0000 0.3266 0.0000 0.3273
0.0258 0.2721 0.1622 0.1159 0.1126 0.1325 0.0000 0.0313 0.0022 0.1453
0.0573 0.1789 0.1086 0.1039 0.2038 0.0675 0.0739 0.0300 0.1763 0.0000
0.0000 0.0000 0.0000 1.0000 0.0000 0.0000 0.0000 0.0000 0.0000 0.0000
0.0000 0.1031 0.0002 0.0472 0.0075 0.0259 0.2465 0.3807 0.1278 0.0611
0.0000 0.3911 0.0000 0.1039 0.2504 0.0755 0.0392 0.1270 0.0130 0.0000
0.0000 0.0000 0.0000 0.0000 0.0000 1.0000 0.0000 0.0000 0.0000 0.0000
0.0000 0.0000 0.0000 0.5294 0.0000 0.0000 0.2399 0.0000 0.0000 0.2307
0.1222 0.0000 0.1476 0.1126 0.0000 0.0000 0.1500 0.2156 0.2521 0.0000
0.0000 0.0000 0.0000 0.0000 0.0000 0.0000 1.0000 0.0000 0.0000 0.0000
