94 212 58 64 12 130 252 140 26 2 0 23 151 3 14 4 2 125 8 8 2 107 6 18 87
110 271 72 27 0 130 271 152 0 0 15 7 131 4 9 0 0 153 18 14 25 156 0 6 63
113 164 56 27 1 125 308 147 7 54 0 11 104 3 7 0 25 154 15 46 3 94 0 11 88
91 210 54 9 27 134 285 149 21 22 15 34 134 0 0 5 5 144 7 23 47 120 5 4 95
104 283 78 21 36 146 309 182 41 3 10 70 171 1 5 9 4 219 38 6 34 194 45 1 116
90 351 178 0 0 142 363 196 0 0 0 0 217 0 0 0 0 244 94 0 0 267 0 0 83
92 103 38 0 0 148 360 220 0 0 0 0 60 0 0 0 0 59 0 121 39 83 0 0 95
97 142 37 29 0 138 293 146 0 37 6 38 94 7 4 14 0 79 14 23 2 71 0 17 77
111 271 98 19 0 153 367 155 0 0 0 0 162 0 0 0 0 206 66 0 0 184 34 0 93
100 236 59 31 15 132 259 146 28 0 0 13 163 2 0 10 0 155 6 1 8 166 41 6 109
97 304 63 0 55 166 336 186 74 0 0 93 182 0 0 0 23 179 64 0 3 117 0 0 92
102 191 27 4 7 110 245 121 0 14 2 5 135 14 0 5 6 125 3 3 12 84 20 21 68
107 256 43 58 22 138 283 154 34 17 1 30 158 0 2 22 3 110 10 12 18 120 15 12 90
103 185 69 27 0 129 322 174 0 6 1 65 108 0 7 0 0 125 34 51 11 107 0 3 80
89 188 52 2 0 92 222 128 0 0 9 0 118 35 1 40 0 94 17 0 24 90 0 37 69
102 276 75 0 4 152 282 179 9 17 14 46 131 5 0 0 23 175 32 12 21 138 1 8 94
81 340 61 33 0 147 317 198 0 0 0 0 194 0 0 0 0 131 26 0 0 133 0 0 100
105 303 68 36 38 123 286 172 31 0 0 54 190 0 0 12 0 175 38 0 7 178 38 8 94
106 368 50 0 29 172 351 193 40 0 0 73 215 0 0 24 19 199 30 0 0 177 100 0 103
91 155 38 13 3 154 248 119 0 0 0 9 118 0 0 16 8 83 1 0 28 64 11 16 61
