46 52 44 59 51 58 45 45 47 45 59 58 44 61 42 43 56 53 64 46 49 41 56 53 48 54 47 42 47 41 42 60 45 37 50 51 62 46 56 54 44 48 62 50 54 56 49 58 52 43 62 51 42 47 53 48 40 57 54 50 49 48 51 53 56 51 50 44 42 48 45 42 57 41 53 47 54 63 45 44 45 43 58 56 59 45 51 47 61 49 57 56 65 46 39 48 39 56 54 45
68 48 50 45 50 48 50 52 52 43 51 49 42 45 52 49 40 50 61 41 45 62 48 51 47 64 65 40 42 58 65 60 48 44 46 52 51 44 42 51 53 54 53 50 41 48 49 47 58 55 42 39 39 50 53 58 48 53 43 46 51 41 52 53 52 56 55 47 60 38 52 48 41 59 47 70 46 51 47 62 47 52 38 52 56 55 50 55 47 44 61 39 44 38 49 39 44 49 44 55
52 54 48 61 55 54 45 39 37 48 52 46 49 57 43 50 50 41 53 54 47 66 51 59 46 50 58 54 50 47 41 53 42 51 55 51 47 51 53 42 60 45 47 35 60 39 46 68 51 53 48 45 53 49 49 66 55 49 61 35 58 52 50 37 43 58 41 51 43 42 53 61 47 54 65 54 49 52 51 38 63 51 45 52 42 45 47 59 50 58 46 44 52 46 46 42 41 52 55 45
53 47 53 47 52 46 45 50 44 54 44 54 52 50 53 51 53 51 50 46 52 50 57 48 45 47 56 46 41 45 33 49 50 51 60 51 59 47 59 36 51 46 54 42 44 50 41 72 48 52 64 53 48 59 52 53 63 54 44 51 62 64 45 52 40 67 38 39 54 46 42 51 34 43 41 35 55 45 41 50 50 49 52 46 48 46 45 50 46 52 49 55 44 46 49 50 50 57 56 43
45 51 50 51 42 57 47 41 47 59 52 51 53 45 61 56 57 53 56 65 58 52 63 50 62 44 42 57 47 38 58 40 30 53 59 42 54 55 54 59 64 56 49 49 42 51 46 51 49 52 51 51 48 42 49 42 63 42 39 37 56 59 48 53 39 57 56 49 59 43 43 46 46 54 55 48 41 50 53 48 52 44 55 58 61 48 54 51 60 54 40 57 39 51 43 51 51 40 48 43
41 36 51 43 50 43 58 54 40 50 58 64 40 48 49 58 51 57 50 44 43 44 50 49 45 43 48 54 46 64 51 59 44 44 58 50 45 50 67 55 60 60 48 65 57 51 41 63 42 37 37 47 52 50 51 45 52 58 60 52 50 57 51 46 53 40 53 50 58 53 57 52 46 41 58 52 52 53 53 46 48 53 53 45 40 53 47 51 40 48 62 39 54 50 57 47 62 42 55 48
59 39 36 36 55 56 50 46 47 43 59 38 50 41 51 62 45 51 57 52 46 57 58 54 43 38 51 53 48 57 56 54 49 52 42 64 52 56 45 39 47 58 66 53 51 46 49 54 64 51 52 34 43 44 59 49 46 57 59 56 52 53 53 50 51 48 57 54 62 41 40 47 60 38 53 46 57 52 57 52 40 39 47 45 52 60 43 52 50 55 60 43 50 49 45 51 54 48 48 44
43 60 53 58 44 53 44 47 51 54 47 41 49 39 48 46 57 59 43 55 56 43 49 54 58 61 53 44 41 60 30 42 42 46 54 50 56 45 59 55 48 38 55 52 42 61 46 54 40 48 49 49 65 47 44 49 58 40 56 52 49 43 51 58 55 59 59 58 60 54 48 50 44 43 60 55 51 56 61 45 61 50 55 57 57 49 44 72 47 41 43 46 42 54 48 43 52 50 56 47
51 52 51 52 47 48 50 57 41 47 49 48 50 48 64 48 40 53 44 38 47 46 43 63 47 47 62 49 36 44 35 58 44 45 54 53 51 55 50 45 56 46 58 52 47 51 66 55 58 48 48 43 59 53 55 58 61 46 52 54 54 42 49 47 40 60 55 50 55 49 56 46 53 48 43 59 52 41 45 57 52 49 53 61 40 53 59 40 48 44 50 55 56 51 36 45 43 49 41 60
42 43 51 36 50 51 46 59 48 44 56 37 41 50 55 55 52 55 44 57 43 40 58 58 54 49 58 54 60 57 52 43 44 43 46 70 53 42 52 64 52 46 55 44 43 51 49 61 62 59 45 60 46 57 53 47 52 51 49 56 57 51 50 50 45 37 51 39 50 63 48 35 39 42 53 49 45 54 50 36 40 42 56 53 56 53 63 46 52 49 50 59 61 38 47 39 58 48 51 54
37 58 61 51 50 44 60 46 54 56 69 46 51 40 59 48 41 51 46 43 48 51 49 38 56 52 48 46 61 49 44 63 46 49 50 46 38 46 53 68 54 60 50 50 41 40 50 46 52 47 43 54 40 54 36 47 57 52 38 52 50 54 49 44 60 52 40 52 72 42 53 40 36 59 42 49 38 46 49 61 42 49 65 48 42 60 40 43 49 53 59 49 56 61 52 49 46 48 41 58
55 43 53 63 62 50 62 51 41 51 59 44 44 54 42 60 49 45 53 57 46 50 48 59 45 48 45 54 65 46 53 47 56 50 52 52 46 38 58 43 51 42 49 55 48 50 35 35 60 58 39 53 48 65 50 47 55 45 49 55 39 50 45 57 57 40 61 48 58 65 47 54 50 43 44 51 47 36 43 64 50 38 40 47 63 58 34 50 58 56 48 53 49 41 49 36 45 45 57 58
62 46 43 41 50 51 58 52 73 60 51 43 45 44 58 53 56 39 66 44 43 46 62 58 49 61 54 43 58 32 55 44 47 37 56 52 55 39 65 59 54 50 47 50 47 44 49 51 51 59 70 42 58 44 46 50 49 54 41 47 58 48 40 57 40 45 40 47 52 51 46 59 55 49 42 42 54 48 46 63 43 49 55 49 59 56 53 39 46 53 39 55 43 52 40 53 49 53 48 56
50 60 53 51 49 60 50 45 52 56 41 38 57 61 45 50 58 46 44 45 51 54 47 51 42 56 43 51 46 44 49 35 45 44 50 44 68 61 53 51 48 54 55 35 42 44 42 51 48 41 47 38 66 42 56 43 44 48 43 47 55 48 43 48 44 45 49 46 54 43 51 51 60 52 49 45 55 59 49 57 47 45 52 41 50 38 56 43 43 54 41 40 45 43 54 51 65 47 43 47
59 46 41 58 52 36 56 47 40 52 50 37 43 53 51 46 57 44 66 58 45 43 38 44 45 49 55 44 53 54 57 58 57 58 57 51 63 40 49 45 49 42 55 55 47 43 44 38 58 51 59 53 48 52 57 49 53 45 46 51 46 52 50 39 57 52 55 60 59 57 46 49 50 45 57 48 46 47 47 57 44 43 52 50 61 51 47 60 47 59 37 47 54 49 56 50 61 51 69 59
50 54 44 40 46 39 53 52 55 56 63 50 46 49 53 53 46 45 39 57 64 55 69 45 58 54 46 50 56 63 53 52 57 53 51 52 47 60 34 62 66 52 44 38 54 45 43 43 53 47 61 51 40 66 39 55 49 50 53 55 52 47 59 50 46 60 58 57 50 50 53 51 52 57 42 48 38 61 61 53 44 58 38 50 61 47 43 47 54 45 64 46 47 59 52 35 54 50 51 41
51 43 53 59 67 43 57 42 48 35 50 41 51 54 59 52 55 54 45 52 47 54 53 42 56 45 50 51 49 48 48 49 40 58 37 45 52 48 43 58 47 54 54 34 59 39 45 53 41 41 49 45 33 49 66 48 53 43 50 50 40 52 44 36 47 36 49 44 48 62 42 54 45 39 39 49 73 47 53 47 57 54 55 57 39 41 42 50 40 47 60 48 48 58 59 38 49 58 51 50
44 63 48 49 41 59 48 46 49 40 59 55 50 62 45 45 51 46 42 53 60 50 55 54 38 46 45 50 43 52 56 41 55 44 52 39 54 43 65 47 42 40 56 56 52 36 63 56 46 63 45 43 55 35 67 43 56 53 51 47 51 42 49 50 51 48 46 54 45 75 49 47 50 51 49 39 57 40 46 50 49 56 53 43 55 48 54 45 54 46 50 53 52 55 59 56 47 55 52 49
49 48 47 42 49 47 62 53 55 56 63 46 52 39 57 61 38 55 45 49 49 49 56 52 49 59 60 48 47 45 48 41 40 54 48 50 51 52 51 31 37 52 45 47 56 68 52 47 52 59 50 45 39 45 55 39 57 54 47 61 55 50 54 57 52 45 44 54 56 47 36 51 63 54 42 51 56 49 50 69 39 44 45 49 52 59 58 43 54 51 58 54 47 44 50 53 58 51 59 51
43 47 42 50 42 52 49 50 48 62 64 58 52 35 61 35 53 57 59 45 52 49 54 39 54 50 76 55 45 59 54 56 51 46 52 43 51 64 50 54 47 34 55 49 46 57 39 61 50 46 50 50 53 50 48 43 63 43 54 53 51 46 72 47 52 52 43 55 51 45 50 53 36 52 52 59 53 55 53 40 56 51 41 56 50 60 48 42 37 49 53 43 55 38 52 53 37 59 49 47
