94 352 144 291 276 143 356 183 427 182 105 307 222 166 106 134 147 243 94 143 141 241 279 143 102
110 357 163 320 275 161 334 196 408 180 89 290 194 137 103 166 127 241 108 151 153 245 245 143 80
113 311 141 302 263 134 346 193 418 185 112 297 208 148 95 152 161 280 97 151 137 244 247 163 98
91 341 139 297 256 140 332 191 391 201 94 315 211 154 107 136 162 251 101 137 151 236 261 149 101
104 324 150 282 241 158 327 191 388 202 106 326 188 138 99 161 157 286 110 147 145 264 254 162 122
90 351 178 309 244 142 363 196 436 195 93 282 217 153 99 142 167 244 94 160 149 267 228 155 83
92 350 138 286 238 148 360 220 429 182 92 277 216 149 102 147 155 233 101 167 152 271 261 162 95
97 339 148 295 270 154 378 203 412 205 103 318 206 122 108 122 153 263 120 140 146 246 246 160 101
111 343 150 314 241 153 367 203 424 189 107 298 201 139 109 124 141 260 107 143 176 238 239 134 93
100 368 144 311 242 140 357 198 416 200 78 301 226 140 106 152 144 237 93 135 154 266 242 143 116
97 350 141 307 226 166 340 213 376 195 97 313 216 141 111 149 148 245 130 162 155 237 228 138 92
102 351 140 275 255 154 365 191 389 208 101 301 214 135 102 156 150 250 101 152 147 263 245 145 110
107 350 134 312 269 152 334 180 367 217 80 302 221 151 90 143 149 242 98 147 168 253 293 167 99
103 344 148 293 230 142 340 192 398 189 112 286 185 160 108 141 147 241 114 149 147 236 241 147 85
89 339 146 304 276 152 359 204 398 212 98 311 201 148 96 153 150 247 105 154 156 243 278 134 105
102 364 152 298 244 170 344 221 381 209 100 328 199 134 88 159 156 269 104 155 132 249 264 181 103
81 343 139 290 228 147 320 198 391 205 107 282 196 135 107 147 137 255 91 165 182 225 253 160 100
105 365 141 305 219 137 331 203 414 220 92 311 218 171 104 149 133 240 108 135 151 254 249 148 106
106 368 155 331 270 172 351 193 373 204 94 265 215 146 92 142 153 225 104 155 164 264 252 157 103
91 337 154 327 258 166 353 199 415 191 114 310 216 131 97 153 162 260 98 131 161 240 230 160 88
