0.0000 1.0000 0.0000 0.3611 0.0000 0.3636 0.0000 0.0000 0.3590 0.8000 0.0000 0.0000 0.4706 0.7111 0.7429 0.3333 0.5000 0.0000 0.0000 0.6486 0.2778 0.0000 0.0000 0.6341 0.0000 0.0000 0.0000 1.0000 0.0000 0.0000 1.0000 0.3250 0.0000 0.5957 0.3103 0.0000 0.0000 0.0000 0.0000 1.0000
0.0000 1.0000 0.0000 0.6087 0.4545 0.6047 0.0000 0.0303 0.6829 0.1000 0.0000 0.4103 0.5682 0.1591 0.0286 0.4000 0.4000 0.3333 0.2667 0.1282 0.5333 0.0000 0.0000 0.0851 0.0000 0.0000 0.0000 1.0000 0.0000 0.0000 1.0000 0.4000 0.0000 0.0233 0.4722 0.0000 0.0526 0.0196 0.4500 1.0000
0.1026 1.0000 0.4889 0.3654 0.5263 0.2857 0.4857 0.0000 0.1081 0.1176 0.5714 0.3421 0.4186 0.2500 0.1020 0.0444 0.2647 0.4750 0.4062 0.1136 0.0465 0.0455 0.5000 0.1714 0.5000 0.4490 0.0000 1.0000 0.0000 0.1020 1.0000 0.4250 0.0000 0.1860 0.0286 0.0000 0.0000 0.0000 0.3125 1.0000
0.0000 1.0000 0.5000 0.1026 0.4884 0.2791 0.3421 0.0000 0.1951 0.0000 0.4474 0.4524 0.2927 0.0000 0.0000 0.1613 0.1429 0.4800 0.6429 0.0000 0.1081 0.0000 0.5102 0.0000 0.4848 0.4545 0.0000 1.0000 0.0000 0.0000 1.0000 0.3673 0.0000 0.0000 0.1892 0.0000 0.0000 0.0000 0.3714 1.0000
0.0000 1.0000 1.0000 0.0000 1.0000 0.0000 1.0000 0.0000 0.0000 0.0000 1.0000 1.0000 0.0000 0.0000 0.0000 0.0000 0.0000 1.0000 1.0000 0.0000 0.0000 0.0000 1.0000 0.0000 1.0000 1.0000 0.0000 1.0000 0.0000 0.0000 1.0000 0.0000 0.0000 0.0000 0.0000 0.0000 0.0000 0.0000 1.0000 1.0000
0.0000 1.0000 0.2353 0.2821 0.2000 0.3125 0.3250 0.0000 0.0857 0.2667 0.2927 0.4286 0.3684 0.1923 0.3659 0.1081 0.3171 0.3200 0.2449 0.2791 0.1220 0.0000 0.2750 0.2353 0.2564 0.4167 0.0000 1.0000 0.0000 0.0000 1.0000 0.2222 0.0000 0.1818 0.0488 0.0000 0.0000 0.0000 0.2857 1.0000
0.0000 1.0000 0.0000 1.0000 0.0000 1.0000 0.0000 0.0000 1.0000 0.0000 0.0000 0.0000 1.0000 0.0000 0.0000 1.0000 1.0000 0.0000 0.0000 0.0000 1.0000 0.0000 0.0000 0.0000 0.0000 0.0000 0.0000 1.0000 0.0000 0.0000 1.0000 1.0000 0.0000 0.0000 1.0000 0.0000 0.0000 0.0000 0.0000 1.0000
0.0750 1.0000 0.1463 0.0943 0.5366 0.2000 0.4545 0.1143 0.1622 0.0952 0.2500 0.5676 0.2000 0.1316 0.0682 0.1364 0.1176 0.5111 0.4500 0.1087 0.2500 0.1053 0.3214 0.1200 0.3784 0.1795 0.1750 1.0000 0.2143 0.0811 1.0000 0.2368 0.1364 0.0645 0.2250 0.1020 0.0811 0.1220 0.5758 1.0000
0.0588 1.0000 0.1957 0.2250 0.6383 0.3488 0.2000 0.0270 0.0714 0.1143 0.1111 0.4359 0.2308 0.0833 0.0882 0.0811 0.1429 0.4600 0.6279 0.2258 0.1333 0.0000 0.2927 0.0930 0.2245 0.1316 0.0244 1.0000 0.0250 0.0204 1.0000 0.3939 0.0656 0.1000 0.0500 0.0364 0.0541 0.1087 0.3415 1.0000
0.0000 1.0000 0.0000 0.0000 0.9412 0.0270 0.9167 0.0000 0.0000 0.0000 0.0000 0.8462 0.0000 0.0000 0.0000 0.0000 0.0000 0.8788 0.8649 0.0000 0.0000 0.0000 0.9310 0.0000 0.9429 0.0000 0.0000 1.0000 0.0000 0.0000 1.0000 0.0638 0.0000 0.0000 0.0000 0.0000 0.0000 0.0000 0.9048 1.0000
0.0000 1.0000 0.0000 0.1667 0.0000 0.7407 0.0263 0.0000 0.1667 0.0000 0.0000 0.0238 0.1628 0.0000 0.0000 0.1333 0.1556 0.0000 0.0000 0.0000 0.1163 0.0000 0.0000 0.0000 0.0294 0.0488 0.0000 1.0000 0.0000 0.0000 1.0000 0.8889 0.0000 0.0000 0.1628 0.0000 0.0000 0.0000 0.0000 1.0000
0.0000 1.0000 0.0000 0.4545 0.0000 0.5143 0.0000 0.0000 0.4211 0.0000 0.0000 0.0000 0.4474 0.0000 0.0000 0.3261 0.3250 0.0000 0.0000 0.0000 0.5128 0.0000 0.0000 0.0000 0.0000 0.0000 0.0000 1.0000 0.0000 0.0000 1.0000 0.6000 0.0000 0.0000 0.3958 0.0000 0.0000 0.0000 0.0000 1.0000
0.0000 1.0000 0.5000 0.0000 0.5952 0.2264 0.4000 0.4000 0.0000 0.0000 0.4118 0.4000 0.0000 0.0000 0.0000 0.0000 0.0000 0.5000 0.4130 0.0000 0.0000 0.0000 0.6250 0.0000 0.3824 0.5897 0.2051 1.0000 0.2941 0.0000 1.0000 0.1803 0.2727 0.0000 0.0000 0.2340 0.3036 0.3095 0.4167 1.0000
0.0000 1.0000 0.0000 0.0000 0.0000 0.5769 0.0000 0.3269 0.0000 0.0698 0.0000 0.0000 0.0000 0.2500 0.1081 0.0000 0.0000 0.0000 0.0000 0.1500 0.0000 0.0000 0.0000 0.0811 0.0000 0.0000 0.5556 1.0000 0.5263 0.0000 1.0000 0.4615 0.5312 0.1500 0.0000 0.4242 0.3333 0.4444 0.0000 1.0000
0.0000 1.0000 0.7234 0.0000 0.7805 0.0000 0.7115 0.0000 0.0000 0.0556 0.7073 0.7949 0.0000 0.0233 0.0943 0.0000 0.0000 0.7907 0.8667 0.0435 0.0000 0.0000 0.7317 0.0789 0.7188 0.7429 0.0000 1.0000 0.0000 0.0000 1.0000 0.0000 0.0000 0.0244 0.0000 0.0000 0.0000 0.0000 0.9677 1.0000
0.0000 1.0000 0.0392 0.4545 0.1282 0.4359 0.0750 0.0000 0.4571 0.3000 0.0000 0.2727 0.5250 0.2432 0.1538 0.3750 0.4412 0.1471 0.2000 0.1731 0.3778 0.0000 0.1667 0.1316 0.1463 0.0000 0.0000 1.0000 0.0000 0.0000 1.0000 0.4571 0.0000 0.3171 0.6098 0.0000 0.0000 0.0000 0.1714 1.0000
0.0000 1.0000 0.0000 1.0000 0.0000 1.0000 0.0000 0.0000 1.0000 0.0000 0.0000 0.0000 1.0000 0.0000 0.0000 1.0000 1.0000 0.0000 0.0000 0.0000 1.0000 0.0000 0.0000 0.0000 0.0000 0.0000 0.0000 1.0000 0.0000 0.0000 1.0000 1.0000 0.0000 0.0000 1.0000 0.0000 0.0000 0.0000 0.0000 1.0000
0.1842 1.0000 0.0889 0.2558 0.1951 0.2143 0.0000 0.0000 0.1111 0.5965 0.0204 0.2750 0.1562 0.6875 0.4167 0.0811 0.1750 0.1489 0.1707 0.5610 0.0244 0.0851 0.0000 0.4130 0.0000 0.0222 0.0000 1.0000 0.0000 0.0698 1.0000 0.1250 0.0000 0.5938 0.0714 0.0000 0.0000 0.0000 0.2353 1.0000
0.0000 1.0000 0.0250 0.3824 0.0000 0.3333 0.0811 0.6429 0.1579 0.0000 0.0000 0.0652 0.1333 0.0000 0.0000 0.1471 0.2857 0.0500 0.1364 0.0000 0.2222 0.0000 0.0541 0.0000 0.1053 0.0278 0.7333 1.0000 0.6250 0.0000 1.0000 0.2432 0.7609 0.0000 0.3095 0.6471 0.5500 0.7143 0.0833 1.0000
0.0000 1.0000 0.0000 0.0000 0.8378 0.0000 0.0000 0.0000 0.0000 0.0000 0.0000 0.8462 0.0000 0.0000 0.0000 0.0000 0.0000 0.8333 0.9143 0.0000 0.0000 0.0000 0.0000 0.0000 0.0000 0.0000 0.0000 1.0000 0.0000 0.0000 1.0000 0.0000 0.0000 0.0000 0.0000 0.0000 0.0000 0.0000 0.9211 1.0000
