1.0000 0.3217 0.3425 0.0000 0.0000 0.0000 0.4444 0.0000 0.6857 0.0000
1.0000 0.5141 0.5128 0.0165 0.0000 0.0000 0.5417 0.3842 0.0891 0.0000
1.0000 0.0563 0.3483 0.0000 0.5000 0.0833 0.3566 0.4167 0.1527 0.4953
1.0000 0.1644 0.3261 0.0000 0.4679 0.0000 0.1826 0.4906 0.0000 0.4500
1.0000 0.0000 0.0000 0.0000 1.0000 0.0000 0.0000 1.0000 0.0000 1.0000
1.0000 0.0909 0.2800 0.0000 0.3047 0.0000 0.3220 0.2986 0.2510 0.2857
1.0000 1.0000 1.0000 0.0000 0.0000 0.0000 1.0000 0.0000 0.0000 0.0000
1.0000 0.1953 0.2206 0.1354 0.1917 0.0896 0.1339 0.5255 0.0996 0.3945
1.0000 0.0815 0.3684 0.0505 0.1500 0.0238 0.2056 0.5045 0.1148 0.2400
1.0000 0.0000 0.0476 0.0000 0.0000 0.0000 0.0000 0.8865 0.0000 0.9300
1.0000 0.1437 0.8081 0.0000 0.0152 0.0000 0.1610 0.0046 0.0000 0.0175
1.0000 0.4094 0.5625 0.0000 0.0000 0.0000 0.4054 0.0000 0.0000 0.0000
1.0000 0.0000 0.2018 0.2866 0.5050 0.0000 0.0000 0.4650 0.0000 0.4623
1.0000 0.0000 0.5275 0.4424 0.0000 0.0000 0.0000 0.0000 0.1310 0.0000
1.0000 0.0000 0.0000 0.0000 0.7236 0.0000 0.0000 0.8315 0.0545 0.7200
1.0000 0.4534 0.4459 0.0000 0.0143 0.0000 0.4766 0.1818 0.2152 0.1282
1.0000 1.0000 1.0000 0.0000 0.0000 0.0000 1.0000 0.0000 0.0000 0.0000
1.0000 0.0704 0.1757 0.0000 0.0432 0.1094 0.2000 0.2020 0.5352 0.0000
1.0000 0.2138 0.2877 0.6715 0.0175 0.0000 0.2736 0.0711 0.0000 0.0804
1.0000 0.0000 0.0000 0.0000 0.0000 0.0000 0.0000 0.8703 0.0000 0.0000
