28 0 24 0 95 93 73 18 11 0 23 13 15 13 97 37 0 12 0 2 96 100 96 40 99 0 71 10 87 72 68 73 12 98 100 0 0 100 0 12 71 0 14 0 98 101 3 38 33 28 12 2 98 0 0 17 93 104 7 0 0 86 28 13 0 97 83 35 0 3 0 19 3 2 74 2 2 9 2 80 14 34 32 106 102 34 0 99 88 37 131 112 0 0 0 95 87 0 105 14
0 0 0 16 100 98 14 0 0 0 0 0 0 0 110 0 19 0 12 0 5 93 12 0 102 0 11 0 104 13 21 13 0 106 95 10 17 94 0 0 10 0 0 0 98 105 0 0 0 0 0 0 78 0 11 0 103 115 0 14 14 9 0 0 0 116 5 0 16 0 0 0 0 0 15 0 0 0 0 18 0 0 0 97 95 0 14 14 101 0 97 102 0 0 0 111 12 0 98 0
0 0 0 0 109 58 41 0 21 45 0 17 23 0 51 0 0 0 0 50 41 83 35 0 107 0 27 0 57 39 52 51 19 108 48 0 0 102 55 17 42 0 14 0 99 92 53 0 0 0 0 58 43 53 0 0 48 44 22 0 0 30 0 23 0 108 33 0 0 58 45 0 50 55 59 61 38 0 47 33 21 0 0 98 65 0 0 40 100 0 98 62 0 53 0 106 29 0 70 22
0 52 0 0 119 32 17 0 17 0 0 18 14 0 48 0 0 0 0 0 14 114 12 0 93 62 9 0 36 15 10 13 18 111 44 0 0 90 0 15 15 63 13 68 92 80 0 0 0 0 0 0 23 0 0 0 28 39 18 0 0 8 0 15 83 100 7 0 0 0 0 0 0 0 16 0 0 0 0 18 10 0 0 92 36 0 0 13 102 0 108 41 64 0 61 109 13 69 98 22
9 13 10 13 96 71 48 12 32 24 10 26 28 4 85 1 9 6 8 10 78 87 71 5 97 8 59 11 60 58 51 65 24 102 69 9 14 96 15 35 42 19 26 13 101 118 13 4 3 8 5 19 75 8 8 8 85 76 31 9 16 70 6 24 15 105 57 6 8 29 17 8 12 15 68 15 19 5 21 54 35 6 7 116 67 9 13 55 91 4 102 55 13 9 9 114 61 19 96 20
0 10 0 82 107 75 81 0 0 0 0 0 0 0 84 0 92 0 81 0 85 100 81 0 108 9 89 0 91 84 90 85 0 105 87 93 79 87 0 0 91 9 0 5 109 107 0 0 0 0 0 0 87 0 95 0 81 88 0 89 87 86 0 0 4 103 79 0 87 0 0 0 0 0 79 0 0 0 0 79 0 0 0 112 105 0 82 66 98 0 96 81 6 0 3 86 86 5 107 0
0 54 0 0 101 11 0 0 0 2 0 0 0 0 12 0 0 0 0 3 0 106 0 0 92 58 0 0 11 0 0 0 0 85 14 0 0 122 3 0 0 74 0 67 91 92 0 0 0 0 0 1 10 2 0 0 14 15 0 0 0 0 0 0 67 106 0 0 0 3 1 0 2 2 0 0 1 0 1 0 0 0 0 95 13 0 0 0 99 0 106 13 75 3 74 90 0 62 86 0
0 26 0 0 85 47 0 0 0 0 0 0 0 0 47 0 0 0 0 0 0 111 0 0 88 11 0 0 44 0 0 0 0 105 35 0 0 84 0 0 0 22 0 26 107 109 0 0 0 0 0 0 44 0 0 0 45 33 0 0 0 0 0 0 22 103 0 0 0 0 0 0 0 0 0 0 0 0 0 0 0 0 0 106 40 0 0 0 98 0 96 42 21 0 14 104 0 14 101 0
0 7 0 0 97 19 36 0 0 48 0 0 0 0 32 0 0 0 0 55 23 101 26 0 95 17 25 0 25 29 29 18 0 99 28 0 0 81 46 0 25 16 0 12 122 99 41 0 0 0 0 41 31 47 0 0 26 23 0 0 0 29 0 0 19 107 33 0 0 46 38 0 40 46 23 48 44 0 50 27 0 0 0 93 34 0 0 24 101 0 109 27 11 39 15 114 27 17 85 0
0 42 0 0 99 61 41 11 17 0 0 13 17 11 61 0 0 7 0 0 60 99 55 0 102 36 48 18 40 63 55 57 15 89 61 0 0 110 0 11 56 47 7 47 110 92 0 0 0 0 9 0 54 0 0 13 50 63 16 0 0 57 0 14 49 102 63 0 0 0 0 0 0 0 57 0 0 10 0 58 9 0 0 114 46 0 0 54 111 0 99 51 43 0 50 114 53 53 83 12
0 0 0 11 92 10 13 8 7 81 0 7 6 4 11 0 6 6 8 69 14 102 18 0 87 0 11 8 9 10 14 9 5 95 5 9 5 108 83 5 16 0 6 0 113 92 88 0 0 0 10 78 21 89 2 5 10 8 6 5 4 10 0 4 0 100 12 0 5 73 71 0 80 61 7 75 84 4 79 19 5 0 0 87 8 0 3 14 114 0 86 10 0 71 0 86 11 0 103 5
0 0 2 16 83 92 45 14 35 2 0 22 29 27 79 0 19 25 23 0 36 100 38 0 98 0 34 30 73 29 46 35 28 110 89 15 10 86 0 21 48 0 22 0 113 105 2 0 0 1 21 1 87 2 9 24 81 80 30 22 12 41 2 25 0 79 41 0 19 1 2 1 1 0 38 1 2 25 3 37 19 0 0 92 76 0 17 51 97 0 94 94 0 0 0 98 30 0 98 28
0 0 0 0 87 101 0 0 0 0 0 0 0 0 97 0 0 0 0 0 0 95 0 0 103 0 0 0 112 0 0 0 0 87 94 0 0 96 0 0 0 0 0 0 101 113 0 0 0 0 0 0 91 0 0 0 116 85 0 0 0 0 0 0 0 106 0 0 0 0 0 0 0 0 0 0 0 0 0 0 0 0 0 93 110 0 0 0 105 0 119 89 0 0 0 102 0 0 94 0
14 5 8 0 107 97 97 39 66 3 9 65 65 40 84 16 0 50 0 2 83 103 84 10 105 2 82 42 92 97 107 86 58 92 87 0 0 101 1 65 97 6 78 7 119 124 6 8 13 16 44 5 104 1 0 39 90 93 73 1 0 82 20 82 5 89 97 11 0 3 1 13 6 2 97 6 7 45 2 96 63 11 13 118 85 17 0 101 107 6 112 89 3 3 5 116 76 4 102 59
0 2 0 0 93 73 63 0 0 4 0 0 0 0 98 0 0 0 0 4 61 100 60 0 98 4 57 0 100 57 51 68 0 104 102 0 0 98 4 0 59 5 0 7 97 108 4 0 0 0 0 5 89 4 0 0 80 103 0 0 0 78 0 0 4 109 71 0 0 5 5 0 5 5 62 6 5 0 4 76 0 0 0 101 102 0 0 61 103 0 86 103 4 3 3 108 60 5 97 0
0 0 0 0 102 82 96 0 87 0 0 90 81 0 76 0 0 0 0 0 104 101 95 0 107 0 74 0 89 93 75 91 94 94 86 0 0 108 0 96 96 0 83 0 92 94 0 0 0 0 0 0 77 0 0 0 98 87 102 0 0 101 0 96 0 90 74 0 0 0 0 0 0 0 86 0 0 0 0 83 93 0 0 115 82 0 0 77 89 0 110 102 0 0 0 101 95 0 94 89
0 0 0 0 109 89 96 75 85 10 0 60 86 73 96 0 0 64 0 11 98 98 107 0 105 0 84 80 105 96 94 75 87 102 88 0 0 98 10 81 102 0 84 0 120 114 9 0 0 0 77 6 94 8 0 98 109 91 91 0 0 89 0 88 0 98 100 0 0 5 8 0 7 8 94 3 8 83 7 70 94 0 0 102 102 0 0 85 118 0 98 100 0 0 0 104 116 0 98 91
4 38 0 3 107 45 42 32 24 21 0 30 27 34 42 6 4 25 1 17 45 104 46 2 109 30 34 40 34 43 35 36 40 103 49 7 1 100 21 42 44 34 28 27 113 121 15 3 3 0 33 23 45 17 3 33 46 60 22 3 4 36 0 31 31 108 36 3 5 19 13 0 19 24 44 23 16 27 17 38 28 1 2 94 47 1 5 43 92 2 90 45 45 14 27 112 39 37 110 28
50 0 7 14 92 93 78 0 9 0 5 7 6 0 98 59 13 0 11 0 74 98 97 44 107 0 79 0 107 95 76 101 9 85 104 15 20 87 0 4 73 0 4 0 86 94 0 57 47 4 0 0 93 0 15 0 98 107 8 10 14 95 5 5 0 102 79 46 18 0 0 5 0 0 89 0 0 0 0 89 9 78 37 114 96 41 18 84 90 50 109 112 0 0 0 93 94 0 90 7
0 0 96 0 80 88 103 0 0 0 101 0 0 0 85 0 0 0 0 0 108 89 102 0 97 0 92 0 120 89 89 102 0 96 103 0 0 103 0 0 106 0 0 0 96 114 0 0 0 120 0 0 85 0 0 0 103 92 0 0 0 97 105 0 0 112 94 0 0 0 0 90 0 0 96 0 0 0 0 88 0 0 0 112 109 0 0 107 92 0 93 111 0 0 0 116 106 0 103 0
