0 25 473 12 
12 8 
8 21 
21 10 
3 20 
16 17 
10 387 3 
6 18 
20 22 
22 13 
13 15 
9 19 
17 2 
11 6 
15 16 
2 9 
19 11 
18 14 
7 5 
5 4 
4 380 396 428 414 406 409 392 394 415 399 407 385 468 1 
14 7 
473 27 356 
1 416 412 373 
351 323 
323 325 
346 371 
325 346 
356 351 
317 355 
332 316 
355 357 
349 320 
371 360 
318 332 
359 327 
360 359 
333 354 
344 347 
336 318 
353 363 
319 336 
327 319 
352 339 
364 341 
320 352 
340 315 
328 349 
341 353 
335 370 
372 317 
316 362 
362 372 
343 340 
369 335 
363 329 
329 344 
315 328 
357 343 
354 326 
324 333 
339 364 
370 324 
366 368 
367 348 
347 366 
361 331 
368 369 
322 358 
331 350 
326 361 
345 334 
348 337 
350 322 
358 367 
337 345 
430 365 
314 430 
334 330 
342 321 
330 314 
365 342 
211 484 
62 211 
321 374 62 
296 90 
123 481 
256 257 
338 503 
47 80 
125 168 
287 50 
194 47 
481 492 
204 277 
255 190 
150 142 
492 478 
291 131 
231 204 
126 278 
207 111 
129 42 
484 123 
45 217 
37 286 
266 241 
241 309 
282 57 
113 296 
199 76 
503 377 499 
488 490 
163 200 
486 480 
109 174 
490 486 
480 487 
264 118 
81 178 
80 282 
29 312 
285 259 
86 199 
171 120 
210 237 
167 152 
128 300 
130 206 
34 236 
118 73 
189 249 
57 255 
58 86 
85 475 
111 194 
271 46 
28 85 
198 132 
31 284 
165 295 
68 290 
156 58 
200 78 
75 68 
76 172 
190 125 
476 283 
71 138 
277 207 
218 232 
139 147 
248 292 
151 177 
147 65 
184 285 
195 260 
304 269 
283 71 
79 77 
276 227 
132 291 
236 476 
168 256 
237 245 
249 239 
250 311 
115 157 
182 126 
240 159 
232 92 
299 187 
193 113 
487 479 
478 488 
244 193 
64 235 
267 304 
288 272 
56 63 
471 112 
155 305 
88 265 
108 170 
60 28 
178 156 
221 54 
223 222 
206 148 
286 108 
259 34 
475 146 
43 182 
169 69 
235 45 
485 115 
227 128 
258 240 
300 75 
90 264 
239 74 
186 56 
242 97 
306 129 
65 122 
290 184 
74 64 
262 144 
187 82 
73 117 
180 150 
214 252 
48 151 
87 93 
138 29 
257 145 
280 457 
174 210 
482 67 
245 48 
302 180 
116 176 
234 87 
148 36 
172 244 
93 215 
146 234 
265 242 
51 116 
131 275 
294 228 
117 251 
67 209 
260 32 
160 254 
152 149 
309 167 
59 99 
295 289 
78 33 
63 273 
301 119 
105 195 
142 79 
479 231 
110 226 
52 303 
106 429 213 
35 154 
83 297 
205 100 
217 60 
119 299 
252 298 
72 164 
292 266 
32 139 
114 51 
472 201 
149 301 
92 271 
97 250 
177 248 
137 114 
251 88 
36 189 
229 253 
99 130 
181 52 
154 221 
201 166 
170 163 
278 59 
66 288 
101 267 
55 212 
33 287 
293 179 
159 214 
272 70 
268 165 
305 216 
303 208 
275 109 
98 94 
54 197 
269 43 
284 198 
69 41 
289 96 
191 186 
273 44 
230 153 
491 35 
121 230 
308 89 
226 258 
145 81 
53 134 
144 53 
313 281 
373 338 
153 175 
96 243 
179 229 
143 280 
192 262 
312 31 
30 135 
162 83 
311 101 
135 133 
216 143 
176 72 
175 155 
173 302 
77 306 
49 233 
70 491 
212 137 
197 225 
243 274 
297 98 
82 173 
141 220 
500 494 
61 310 
298 37 
457 141 
261 49 
50 183 
46 66 
127 61 
89 205 
91 107 
489 293 
220 223 
274 121 
279 127 
225 136 
136 308 
104 181 
208 192 
133 39 
164 268 
134 105 
209 191 
253 55 
41 104 
157 218 
215 294 
246 482 
112 38 
233 489 
310 140 
39 162 
474 279 
107 160 
42 169 
228 276 
44 110 
122 485 
494 496 
477 270 
95 158 
183 261 
100 91 
224 477 
254 246 
102 161 
203 219 
161 472 
222 474 
103 40 
38 102 
185 95 
247 84 
219 103 
140 30 
158 224 
499 505 
94 471 
84 203 
166 196 
40 185 
498 507 
497 501 
270 313 
505 500 
507 497 
496 498 
196 247 
504 384 493 
281 307 
202 171 
493 495 
502 106 
501 506 
506 504 
27 23 
238 202 
307 238 
495 502 
120 188 
188 124 
25 26 
26 24 
124 451 
483 263 
263 455 
213 483 
456 383 470 
23 
455 456 
451 508 
450 442 
447 449 
508 452 
509 447 
453 450 
449 446 
448 453 
446 454 
454 448 
433 432 
445 440 
452 509 
432 441 
437 439 
442 438 
438 433 
431 444 
435 434 
436 435 
439 436 
441 445 
440 437 
434 431 
470 458 
443 462 
444 395 443 
374 375 
376 378 
375 376 
458 465 
460 459 
462 467 
465 460 
463 461 
466 464 
24 
464 463 
467 466 
459 469 
461 388 417 
468 393 
469 405 
417 381 
385 
393 389 
377 379 
381 391 
407 425 
399 
383 
415 
379 400 
394 
392 
425 401 
429 423 
398 404 
409 
389 403 
406 
405 398 
414 
397 
412 
391 421 
428 
416 
396 
400 426 
420 382 
421 422 
404 410 
426 420 
424 386 
401 397 
388 
384 
423 424 
408 
403 418 
427 
422 390 
382 402 
395 
380 
410 413 
419 
386 419 
402 408 
390 427 
411 
378 
418 
387 
413 411 
