71 23 41 0 2 18 0 0 164 10 0 0 0 52 0 0 0 187 0 0 4 1 8
0 1 2 0 1 4 0 0 115 7 0 0 0 0 0 0 0 109 0 0 0 3 0
0 0 9 0 2 2 0 0 124 5 1 1 0 3 0 0 0 129 0 0 0 3 1
0 0 1 0 1 4 0 0 134 4 0 1 0 1 0 0 0 124 0 0 0 1 1
0 2 1 1 0 3 0 2 136 4 0 0 0 3 2 0 0 156 1 1 0 0 2
1 0 1 0 0 2 0 0 121 5 1 0 0 0 0 1 0 143 0 0 0 0 0
0 27 0 0 0 1 0 0 142 1 0 0 0 0 1 2 0 147 0 0 0 1 1
0 0 0 0 0 4 0 2 102 4 0 0 0 0 0 0 0 126 0 0 1 0 0
2 0 0 0 1 4 0 0 117 3 0 0 0 2 0 1 0 130 1 0 0 2 0
0 3 0 0 0 2 1 0 108 1 0 0 0 1 0 0 0 123 0 0 1 1 0
0 0 0 0 1 2 0 0 131 2 0 0 0 0 0 1 0 145 0 0 0 1 0
0 0 2 0 0 3 0 0 158 4 0 0 0 0 0 2 0 139 1 1 0 0 0
0 0 1 0 0 1 0 0 119 1 0 0 0 0 0 0 0 105 1 0 1 0 0
0 0 1 0 2 0 0 1 128 6 0 0 0 0 1 0 0 163 1 1 0 1 0
0 0 3 0 1 2 0 0 127 2 0 0 0 0 0 1 0 142 0 0 0 1 0
0 0 116 0 0 2 0 0 103 0 0 0 0 107 0 0 0 116 0 0 0 1 152
7 1 287 231 258 60 113 244 216 9 133 207 66 211 51 21 41 257 389 45 13 21 435
0 0 135 154 135 1 59 157 131 4 55 117 39 123 117 0 15 147 163 0 1 0 154
0 0 104 142 118 2 60 170 122 5 36 117 51 132 116 0 14 126 158 0 2 1 157
0 0 119 153 141 4 50 190 112 2 49 110 47 122 119 0 10 125 158 1 1 1 195
0 0 136 160 135 1 58 200 131 4 50 97 44 137 120 0 9 115 175 0 0 1 188
1 0 111 145 103 2 65 187 124 1 48 113 49 134 58 0 12 147 149 0 0 0 146
1 1 154 147 136 4 98 201 138 5 47 132 52 140 129 1 17 174 169 0 1 0 216
0 0 169 188 145 1 87 272 202 7 59 165 67 148 171 0 34 207 229 0 2 0 249
0 0 133 154 106 3 68 199 127 9 58 101 50 137 123 0 30 163 158 0 0 1 158
1 0 148 179 148 2 83 210 167 5 38 144 53 167 0 0 32 177 228 140 1 0 207
0 0 137 186 120 5 65 217 130 3 51 131 49 138 146 2 19 178 191 1 0 0 191
0 0 128 157 133 1 69 172 133 5 45 118 41 130 94 0 10 161 163 0 0 2 191
1 1 116 160 144 1 69 195 116 2 52 102 48 120 12 0 8 141 165 199 0 0 191
2 0 167 202 165 4 96 268 172 5 58 141 61 211 0 0 28 204 223 0 1 1 268
0 0 148 137 115 4 63 174 146 3 42 94 46 135 0 1 13 139 167 0 0 1 164
0 0 3 0 2 6 0 2 189 6 0 0 0 1 1 0 0 132 1 0 1 1 1
1 1 1 1 1 2 0 1 211 12 0 0 0 0 1 0 1 117 3 0 2 1 2
0 0 2 1 1 0 0 0 189 6 1 0 0 0 0 0 0 123 0 0 1 0 1
1 0 0 1 1 1 0 0 183 10 0 1 0 0 1 0 0 119 0 0 1 2 1
1 0 0 1 0 1 0 2 198 7 0 1 0 1 0 2 0 144 0 0 0 0 0
0 31 0 1 2 3 0 0 174 2 0 0 0 0 0 0 0 157 0 1 1 0 0
3 0 0 1 1 2 0 0 169 3 0 0 1 0 1 1 0 187 3 0 1 2 0
0 0 2 2 1 2 0 1 176 5 0 0 0 0 0 0 0 197 2 0 1 0 0
0 0 1 0 1 1 0 0 171 14 1 0 0 1 0 0 0 218 0 0 1 0 1
1 0 0 3 1 1 1 0 181 0 0 1 0 1 0 1 0 165 1 1 2 2 0
2 1 0 2 0 4 0 1 188 9 0 0 0 0 0 1 0 194 0 0 0 0 1
0 0 0 0 0 0 0 0 167 4 0 0 0 1 0 1 0 162 0 0 0 3 0
0 0 85 0 0 1 0 0 76 4 0 0 0 93 0 0 0 120 0 0 0 0 128
