475 534 375 495 492 727 288 566 364 506 530 348 144 356 475 379 93 378 531 482 485 247 566
337 308 229 324 356 190 125 382 257 274 439 254 71 293 262 252 24 255 375 360 316 136 428
325 368 309 366 366 229 122 400 264 281 377 266 98 311 300 268 12 272 388 365 392 143 461
318 297 251 311 316 199 122 379 272 251 392 230 77 282 285 241 16 279 374 358 350 142 381
343 361 274 311 358 179 135 423 279 270 351 280 95 293 309 248 25 326 378 350 349 122 445
323 301 295 321 328 176 137 363 244 272 357 255 85 276 273 248 29 295 381 329 337 115 436
307 331 244 306 352 189 129 353 271 247 370 236 88 249 302 235 17 315 344 333 329 125 427
282 296 251 294 305 170 116 331 227 230 360 221 94 249 258 242 28 271 344 290 279 113 359
287 288 238 304 324 201 120 406 246 294 328 247 118 270 269 248 25 279 358 320 325 137 405
279 290 216 284 309 177 93 332 247 231 358 214 82 256 250 221 14 243 352 296 335 116 383
304 345 273 337 361 211 162 391 268 286 381 291 85 273 293 255 16 293 415 374 361 149 400
334 355 289 325 397 215 148 390 320 279 393 254 89 304 327 274 11 268 412 359 343 135 410
251 287 239 266 301 174 117 330 240 221 330 215 66 263 260 214 19 261 363 314 293 106 341
273 299 255 292 346 183 121 372 238 246 310 202 56 245 265 232 14 300 391 306 303 138 421
329 342 275 295 326 182 108 400 262 247 327 238 75 268 274 248 37 271 369 334 318 127 417
263 310 252 295 275 192 89 357 229 247 312 216 79 218 239 224 22 239 331 333 296 129 381
810 872 672 521 694 654 230 592 452 940 695 656 141 472 465 678 86 615 1269 714 631 556 1009
310 349 292 320 311 213 127 362 246 276 239 368 90 253 270 261 26 290 374 346 367 157 463
331 349 221 296 302 183 111 369 260 235 218 359 87 250 260 219 27 261 360 326 319 118 387
306 353 250 311 296 202 103 403 252 259 260 330 107 256 277 241 15 263 398 370 302 133 449
286 307 280 316 328 188 126 402 261 252 249 309 98 234 268 283 17 274 414 337 355 119 428
297 391 256 300 306 198 119 372 258 274 244 368 93 277 318 252 27 300 365 327 342 120 396
364 381 311 314 331 266 165 426 294 298 267 415 107 293 298 320 31 375 437 376 373 144 489
386 461 342 411 394 268 178 532 401 363 328 493 148 334 353 395 61 401 516 483 422 145 622
342 317 265 303 283 191 137 409 242 262 228 314 100 256 277 257 45 300 409 313 313 111 398
359 440 332 365 376 224 151 443 317 340 299 460 109 323 358 310 59 376 491 425 402 143 524
317 374 287 338 309 235 140 432 286 273 273 408 87 281 306 275 34 374 395 391 347 127 461
309 354 266 321 333 232 124 352 272 274 249 371 89 256 282 276 17 322 391 329 323 151 446
305 321 248 321 323 214 136 387 261 260 284 333 94 242 293 288 15 291 358 372 351 114 453
442 519 341 412 409 292 163 534 366 372 307 453 123 404 398 414 38 426 552 494 474 169 634
314 348 294 265 305 220 128 381 269 258 237 334 90 280 253 272 29 307 383 364 347 130 529
442 513 326 376 394 213 186 434 386 401 336 386 149 393 317 216 36 260 399 489 358 177 559
573 542 338 480 371 191 188 490 422 499 345 500 195 505 378 212 39 248 503 480 418 186 630
405 378 286 399 213 148 181 541 393 400 243 416 157 485 262 225 82 263 421 357 424 197 687
481 500 347 386 361 165 167 446 376 413 334 402 154 419 352 227 78 260 372 475 394 161 582
507 514 408 415 479 271 183 527 400 388 456 412 186 455 353 325 91 312 485 533 441 193 688
318 409 325 355 414 224 148 461 326 328 427 304 101 341 308 307 56 353 479 422 388 128 506
348 364 313 351 403 257 148 457 322 323 409 318 109 307 301 310 55 349 493 359 433 151 530
399 409 334 395 425 273 172 536 346 364 507 330 120 329 364 366 50 371 514 468 413 151 551
475 463 355 450 528 303 205 494 378 368 487 381 137 346 428 394 48 436 417 495 482 165 623
387 379 343 403 391 267 170 447 365 297 458 362 111 360 372 308 22 355 479 424 410 148 534
399 404 376 401 414 273 183 521 365 369 459 342 113 360 396 358 45 395 545 459 401 146 571
306 317 314 311 336 216 163 400 343 257 368 292 137 306 288 297 43 331 388 337 310 122 451
229 230 202 256 233 156 84 284 176 183 280 205 77 182 233 216 29 238 273 255 231 75 299
