0 14 12 
12 8 
8 21 
21 16 
3 22 
10 13 
16 20 
6 18 
22 15 
20 3 
13 17 
9 19 
17 2 
11 6 
15 10 
2 9 
19 11 
18 7 
7 4 
5 428 389 409 392 415 385 381 468 1 
4 5 
14 26 473 
473 27 356 
1 412 394 399 373 
351 323 
323 325 
346 355 
325 346 
356 351 
317 357 
332 317 
349 328 
371 344 
318 360 
359 361 
355 318 
360 319 
336 358 
352 341 
333 370 
344 363 
319 327 
353 366 
335 333 
364 362 
327 372 
372 359 
341 326 
362 339 
320 353 
340 322 
369 335 
328 354 
316 332 
343 349 
363 364 
329 343 
324 347 
315 340 
354 352 
357 371 
370 324 
339 320 
366 329 
367 348 
361 336 
368 369 
347 315 
322 350 
326 368 
331 367 
345 334 
348 337 
350 331 
358 316 
337 345 
314 365 
342 321 
334 330 
430 374 62 
330 314 
365 342 
321 430 
211 484 
62 204 
296 99 
338 503 
481 489 
123 488 
256 205 
488 231 
47 211 
484 123 
125 256 
503 377 505 
287 95 
486 480 
194 47 
492 475 
204 194 
490 492 
255 125 
150 104 
231 478 
291 44 
480 490 
126 189 
207 472 
129 283 
45 126 
37 184 
241 68 
266 208 
282 80 
475 485 
113 109 
199 29 
476 486 
478 476 
163 111 
487 479 
109 77 
81 113 
264 311 
80 116 
29 98 
285 163 
485 482 
86 286 
171 400 483 
210 117 
482 487 
167 122 
128 115 
130 269 
34 37 
118 81 
57 282 
111 93 
58 292 
189 296 
271 142 
85 76 
28 119 
198 179 
165 209 
31 258 
156 128 
200 137 
76 259 
68 285 
75 160 
71 288 
479 275 
277 57 
190 303 
147 43 
218 69 
139 299 
248 193 
151 65 
184 75 
304 152 
195 59 
79 227 
283 214 
236 271 
276 257 
132 176 
237 118 
168 121 
491 477 
249 268 
373 338 
250 260 
115 60 
182 66 
193 300 
240 305 
267 313 
232 86 
299 248 
288 241 
64 147 
56 154 
244 236 
155 148 
88 101 
471 210 
178 276 
108 262 
60 197 
206 278 
259 156 
221 97 
286 180 
223 226 
169 36 
43 172 
235 114 
90 242 
258 56 
227 132 
186 50 
214 244 
300 221 
306 58 
239 87 
242 228 
131 199 
489 491 
290 216 
65 167 
262 191 
74 207 
180 306 
73 168 
187 136 
87 273 
174 48 
245 134 
138 61 
280 159 
257 105 
48 74 
302 229 
500 501 
234 90 
116 169 
172 232 
93 28 
148 277 
146 187 
265 252 
51 30 
294 144 
67 240 
117 151 
260 79 
59 471 
309 55 
152 32 
160 143 
295 223 
78 165 
63 230 
301 206 
105 294 
142 71 
52 149 
106 270 
110 63 
32 301 
83 158 
205 146 
35 52 
252 267 
72 224 
119 218 
217 54 
292 174 
275 131 
114 45 
149 64 
472 217 
92 100 
97 309 
177 91 
137 96 
251 237 
229 304 
154 198 
36 272 
278 239 
99 130 
181 150 
201 280 
474 171 
170 153 
66 133 
101 265 
55 73 
159 51 
33 78 
293 164 
272 190 
268 182 
305 31 
303 53 
98 129 
269 201 
54 155 
289 72 
191 107 
284 312 
69 85 
121 88 
226 195 
273 235 
308 92 
230 34 
145 178 
494 502 
53 145 
144 251 
313 264 
153 298 
179 295 
96 49 
143 249 
192 255 
311 308 
30 110 
312 245 
162 46 
135 138 
176 177 
175 112 
216 108 
70 89 
173 234 
477 474 
49 33 
212 67 
77 192 
197 215 
243 225 
82 141 
141 42 
297 103 
61 287 
261 200 
46 39 
298 243 
457 70 
89 293 
50 212 
91 173 
127 233 
279 102 
220 157 
274 246 
225 284 
136 139 
104 170 
208 41 
133 186 
164 175 
209 135 
134 291 
253 261 
41 290 
157 279 
233 289 
246 127 
112 222 
215 35 
39 83 
310 140 
107 183 
499 507 
42 181 
228 302 
122 82 
44 266 
95 457 
183 253 
498 504 
224 220 
100 250 
254 281 
102 310 
203 38 
161 203 
222 274 
103 161 
497 506 
505 499 
38 162 
507 500 
185 254 
247 196 
140 297 
219 247 
496 498 
158 94 
504 497 
94 84 
84 219 
166 106 
40 185 
270 202 
493 496 
502 495 
501 494 
196 166 
506 481 
281 395 238 
202 40 
27 23 
495 493 
238 307 
307 120 
120 188 
188 124 
25 24 
26 25 
483 378 213 
124 451 
263 455 
213 263 
456 383 470 
23 
455 456 
451 508 
450 442 
447 449 
508 452 
509 447 
453 450 
449 446 
448 453 
446 454 
454 448 
433 432 
445 440 
452 509 
432 441 
437 439 
442 438 
438 433 
431 443 
435 436 
436 444 
439 435 
441 445 
440 437 
434 431 
470 458 
444 434 
443 464 
374 375 
375 376 
376 416 
458 465 
460 459 
462 466 
465 460 
463 461 
466 467 
464 462 
24 
467 463 
459 469 
461 388 417 
468 393 
469 407 
417 422 
381 414 
377 379 
385 406 
379 391 
393 420 
383 384 
407 421 
399 
415 
394 
392 
378 380 
409 
429 386 
380 
425 405 
398 404 
406 429 
397 
414 
405 427 
389 
420 396 
400 426 
391 398 
396 397 
416 
412 
428 
421 401 
426 403 
404 410 
424 423 
401 418 
388 
408 382 
403 408 
384 
423 390 
422 425 
382 402 
427 
419 387 
395 
410 413 
402 419 
386 424 
418 
411 
390 
413 411 
387 
