0 410 411 14 12 
12 8 
8 21 
21 10 
3 418 20 
16 15 
10 3 
22 13 
6 18 
20 16 
13 17 
9 19 
17 2 
11 397 6 
15 22 
2 9 
19 11 
18 390 7 
7 422 427 4 
5 387 395 403 423 404 401 398 428 389 414 406 429 409 392 415 407 399 393 381 385 469 1 
4 425 5 
14 26 473 
473 27 356 
1 412 396 416 394 383 373 
351 323 
323 362 
346 318 
325 372 
356 351 
317 339 
349 328 
332 343 
359 361 
318 327 
371 364 
355 333 
336 359 
352 369 
353 317 
360 336 
319 360 
335 315 
364 320 
344 353 
333 354 
327 319 
328 367 
320 344 
340 341 
362 325 
372 316 
341 366 
369 324 
324 335 
316 346 
315 322 
363 371 
343 329 
329 349 
354 358 
339 332 
370 331 
357 326 
366 352 
367 340 
361 363 
347 368 
368 348 
322 370 
345 330 
331 347 
326 350 
348 355 
350 334 
358 357 
337 345 
314 365 
342 321 
430 374 62 
334 337 
330 314 
365 342 
211 80 
321 430 
62 211 
296 190 
338 503 
256 257 
123 282 
481 419 382 483 
47 150 
125 256 
287 166 
194 126 
204 194 
484 123 
255 125 
503 405 420 498 
492 137 
488 200 
150 255 
126 47 
291 96 
207 239 
486 290 
231 128 
113 241 
37 286 
45 52 
490 76 
129 98 
266 264 
241 271 
282 204 
480 278 
163 152 
109 68 
199 54 
80 484 
81 109 
285 163 
210 482 
264 165 
130 215 
86 243 
189 37 
34 115 
29 117 
128 81 
85 480 
476 130 
28 299 
475 141 
167 262 
57 296 
111 132 
58 32 
271 118 
118 35 
487 245 
139 88 
156 236 
198 82 
68 57 
75 93 
71 172 
31 174 
184 147 
165 119 
218 214 
76 309 
190 207 
200 139 
151 195 
171 456 
277 90 
478 67 
147 86 
485 149 
79 235 
195 167 
248 232 
267 306 
132 248 
276 97 
168 276 
236 75 
237 192 
304 268 
115 105 
193 267 
155 251 
283 156 
232 250 
249 177 
250 106 
479 265 
240 45 
471 252 
288 60 
182 234 
64 129 
43 91 
88 113 
244 48 
259 227 
108 191 
258 39 
169 486 
60 199 
235 492 
178 131 
56 59 
300 178 
286 182 
482 162 
299 148 
223 240 
187 169 
206 85 
186 313 
221 66 
290 29 
306 155 
242 284 
180 116 
73 79 
239 168 
214 53 
74 300 
138 72 
245 291 
257 277 
48 144 
174 151 
280 30 
373 338 
172 92 
65 488 
87 275 
93 34 
227 260 
116 475 
148 288 
294 161 
78 308 
90 231 
262 283 
302 485 
265 187 
146 228 
131 58 
59 127 
260 64 
252 197 
67 89 
234 249 
35 266 
117 65 
152 269 
97 73 
51 159 
500 494 
309 259 
32 206 
105 476 
301 87 
63 242 
52 285 
92 193 
106 244 
110 99 
160 176 
142 173 
295 189 
205 180 
119 237 
154 175 
114 164 
292 95 
83 84 
217 181 
278 31 
149 184 
99 122 
36 110 
491 477 
472 201 
201 43 
251 70 
159 186 
489 212 
268 136 
177 51 
66 209 
181 472 
101 311 
137 479 
275 223 
170 478 
55 157 
303 36 
272 28 
72 94 
33 273 
293 160 
191 44 
273 133 
284 226 
230 258 
229 78 
53 101 
144 77 
269 298 
305 61 
69 221 
457 220 
289 293 
162 55 
54 69 
121 305 
153 146 
226 230 
308 33 
179 135 
98 74 
474 294 
311 111 
313 304 
145 279 
30 274 
96 216 
192 71 
312 134 
135 170 
70 218 
212 114 
176 471 
49 261 
298 295 
143 229 
82 56 
173 198 
261 203 
494 496 
197 63 
77 490 
297 153 
141 457 
175 41 
89 222 
136 302 
220 272 
243 154 
46 145 
50 489 
61 179 
104 142 
216 208 
274 253 
279 297 
127 121 
91 303 
41 42 
215 205 
208 474 
253 217 
209 301 
164 280 
134 196 
477 83 
246 138 
133 50 
225 100 
233 38 
112 289 
310 49 
157 108 
122 292 
39 143 
107 310 
42 104 
44 487 
228 107 
499 505 
95 210 
183 246 
100 312 
203 491 
224 46 
102 158 
254 281 
161 102 
222 112 
498 499 
185 254 
247 219 
38 247 
103 270 
140 224 
219 202 
497 501 
505 507 
158 225 
507 500 
496 504 
94 287 
504 497 
84 233 
166 40 
270 183 
40 185 
493 481 
196 140 
502 495 
501 506 
281 238 
506 384 502 
27 23 
202 103 
495 493 
238 307 
307 120 
120 188 
188 124 
25 24 
26 25 
124 468 451 
483 378 263 
263 213 
213 171 
23 
456 455 
455 388 470 
451 508 
450 454 
447 449 
508 452 
509 447 
448 442 
453 448 
449 446 
446 450 
454 453 
433 432 
445 437 
452 509 
432 441 
437 440 
442 438 
438 433 
431 444 
435 436 
436 439 
439 434 
441 445 
470 400 458 
440 435 
434 431 
443 462 
444 443 
374 375 
375 376 
376 421 
458 465 
460 459 
462 467 
24 
465 460 
463 461 
466 464 
464 463 
467 466 
459 417 
461 391 
468 
469 424 
417 408 
385 426 
381 377 
377 379 
379 380 
393 
383 
399 
407 386 
380 
394 
415 
392 
409 
378 
429 
416 
406 
414 
425 
389 
396 
428 
420 402 
398 
412 
400 
391 
397 
388 
405 
421 413 
426 
424 
384 
401 
408 
404 
423 
382 
403 
419 
427 
422 
395 
402 
386 
418 
411 
410 
387 
390 
413 
