1.0000 0.5269 0.4876 0.4315 0.5000 0.4721 0.4529 0.4840 0.4798 0.4768 0.4873 0.4867 0.3466 0.4714 0.4844 0.4775 0.5147 0.4681 0.5065 0.4487 0.4476 0.4824 0.4846 0.4987 0.4602 0.5000 0.4807 0.4682 0.4817 0.5330 0.5094 0.4658 0.4142 0.4950 0.4403 0.4518 0.5342 1.0000 0.6190 0.4467 0.4251 0.4016 0.3893 0.4561 0.4197 0.0450 0.0418 0.0000 0.0000 0.0000 0.0000 0.0000 0.0000 0.0000 0.0545
1.0000 0.4742 0.5043 0.5000 0.4606 0.5390 0.4421 0.5000 0.4719 0.4818 0.5093 0.4651 0.4556 0.5379 0.5198 0.5287 0.4909 0.4654 0.4554 0.4631 0.4664 0.4237 0.4557 0.4800 0.5309 0.5625 0.4948 0.4711 0.4894 0.5124 0.5412 0.4667 0.4965 0.4910 0.5031 0.4908 0.5190 1.0000 0.5870 0.4745 0.4286 0.3601 0.3872 0.4114 0.3682 0.0481 0.0033 0.0032 0.0031 0.0000 0.0000 0.0000 0.0038 0.0000 0.0593
1.0000 0.5000 0.4954 0.4279 0.4843 0.4762 0.4758 0.6143 0.5187 0.4762 0.4280 0.4787 0.5106 0.4368 0.4565 0.5077 0.5476 0.5361 0.4829 0.4571 0.5238 0.4026 0.4571 0.4667 0.4686 0.4539 0.4764 0.4409 0.5225 0.5275 0.5171 0.4769 0.4898 0.4231 0.4848 0.4054 0.4793 0.9895 0.4474 0.4618 0.3568 0.1872 0.0852 0.1176 0.0817 0.0505 0.0000 0.0000 0.0000 0.0000 0.0000 0.0000 0.0000 0.0000 0.0000
1.0000 0.4921 0.5146 0.5324 0.4891 0.4388 0.4375 0.5000 0.4783 0.4327 0.4936 0.4878 0.3878 0.4712 0.4688 0.4877 0.5106 0.5212 0.4808 0.5891 0.4789 0.4464 0.4801 0.5000 0.5271 0.4972 0.5143 0.5714 0.5022 0.5929 0.4944 0.5000 0.3902 0.4718 0.4923 0.4718 0.4979 1.0000 0.5758 0.4410 0.4155 0.1648 0.0000 0.0000 0.0000 0.0040 0.0000 0.0000 0.0016 0.0000 0.0000 0.0000 0.0000 0.0000 0.0000
1.0000 0.4709 0.5100 0.4751 0.4832 0.4672 0.5274 0.4478 0.5393 0.4758 0.4895 0.4840 0.5263 0.5238 0.4319 0.4344 0.3659 0.4659 0.4813 0.5000 0.4943 0.4571 0.4702 0.4429 0.5233 0.5652 0.5258 0.5431 0.5000 0.4783 0.5191 0.4936 0.5000 0.4575 0.4444 0.4739 0.5047 1.0000 0.5714 0.4599 0.3874 0.2817 0.0752 0.1500 0.0673 0.0299 0.1515 0.0000 0.0000 0.0000 0.0000 0.0000 0.0039 0.0000 0.0361
1.0000 0.4892 0.5568 0.4479 0.5556 0.5041 0.5144 0.5200 0.5236 0.5022 0.4783 0.5056 0.4466 0.4302 0.4223 0.4831 0.4412 0.5319 0.4167 0.4909 0.4389 0.4793 0.4685 0.4785 0.5152 0.5227 0.4905 0.5085 0.4208 0.4860 0.4930 0.4915 0.4505 0.4046 0.3776 0.4685 0.4450 1.0000 0.6364 0.3598 0.4508 0.2073 0.0000 0.0000 0.0045 0.0052 0.0000 0.0000 0.0025 0.0000 0.0000 0.0000 0.0098 0.0114 0.0000
1.0000 0.5233 0.5361 0.4692 0.4428 0.4690 0.4694 0.4375 0.4656 0.4621 0.5165 0.5022 0.4200 0.4250 0.4508 0.4622 0.4828 0.5000 0.4714 0.4528 0.5054 0.4945 0.4981 0.5314 0.5242 0.5479 0.4771 0.4912 0.5130 0.3980 0.5669 0.4874 0.4755 0.4545 0.4324 0.4864 0.5217 0.9917 0.5094 0.4105 0.4037 0.4656 0.3578 0.4297 0.3600 0.0089 0.0000 0.0000 0.0000 0.0000 0.0000 0.0000 0.0000 0.0000 0.0000
1.0000 0.5141 0.4730 0.5298 0.4878 0.5570 0.4444 0.5258 0.4797 0.4653 0.4491 0.4437 0.4314 0.4375 0.4507 0.4493 0.4667 0.5256 0.4361 0.4595 0.5159 0.4286 0.4450 0.4406 0.3913 0.4909 0.4611 0.4906 0.5467 0.4941 0.4815 0.4947 0.5000 0.4273 0.4480 0.4750 0.5486 0.9897 0.5814 0.4474 0.4026 0.3200 0.3202 0.2500 0.2802 0.2949 0.1616 0.0000 0.0038 0.0000 0.0000 0.0000 0.0000 0.0000 0.4944
1.0000 0.4955 0.4806 0.4612 0.5053 0.4967 0.4690 0.4302 0.4556 0.4333 0.5000 0.5256 0.5161 0.5288 0.5087 0.5189 0.5833 0.5045 0.4977 0.4648 0.4871 0.5524 0.4984 0.5168 0.4695 0.5123 0.4475 0.4286 0.4932 0.4951 0.5380 0.5000 0.4780 0.4907 0.4659 0.4373 0.5336 0.9375 0.3725 0.4510 0.4606 0.4379 0.5363 0.5037 0.5098 0.4504 0.0000 0.0000 0.0000 0.0000 0.0000 0.0000 0.0034 0.0000 0.9554
1.0000 0.5167 0.4227 0.4804 0.4764 0.4309 0.5044 0.4841 0.4694 0.4978 0.4692 0.4693 0.4118 0.5256 0.4439 0.5143 0.5185 0.4894 0.4947 0.4747 0.4267 0.5698 0.5041 0.6012 0.4612 0.4500 0.5071 0.4863 0.5000 0.5810 0.4506 0.5259 0.3909 0.3967 0.3866 0.5066 0.5165 1.0000 0.6897 0.4400 0.4171 0.4839 0.5234 0.5556 0.4158 0.4585 0.0000 0.0035 0.0000 0.0000 0.0000 0.0000 0.0000 0.0000 1.0000
1.0000 0.5119 0.4902 0.5060 0.4882 0.5086 0.4711 0.5662 0.4024 0.4967 0.4918 0.5000 0.4426 0.4885 0.4806 0.4793 0.4741 0.5225 0.5055 0.5202 0.5213 0.4975 0.4601 0.5488 0.4888 0.5093 0.4896 0.4644 0.5285 0.4879 0.4571 0.4916 0.4706 0.4402 0.4735 0.4619 0.5013 1.0000 0.4701 0.4292 0.3791 0.4818 0.4738 0.5551 0.5155 0.4801 0.0000 0.3487 0.3787 0.0134 0.1179 0.0932 0.1359 0.2081 0.8312
1.0000 0.5282 0.4948 0.4608 0.4904 0.4851 0.4387 0.5088 0.5155 0.5228 0.4724 0.5026 0.3978 0.4444 0.4525 0.4960 0.5000 0.4348 0.5085 0.5688 0.5172 0.4706 0.4843 0.5000 0.4809 0.4658 0.3984 0.5344 0.4510 0.5116 0.4881 0.4961 0.4965 0.4558 0.4765 0.5000 0.5153 1.0000 0.5714 0.4885 0.4432 0.4065 0.5178 0.4902 0.4297 0.4848 0.0000 0.4073 0.4531 0.0000 0.0000 0.0038 0.0079 0.0097 0.9333
1.0000 0.5541 0.5149 0.4341 0.4947 0.4343 0.4822 0.4404 0.5311 0.5110 0.4959 0.4793 0.4184 0.4754 0.5134 0.4612 0.4419 0.5672 0.4536 0.5182 0.4855 0.5213 0.5062 0.4795 0.5096 0.5174 0.5078 0.4787 0.4698 0.4588 0.4286 0.4434 0.5000 0.4423 0.4252 0.4322 0.5714 0.9895 0.4667 0.4654 0.4951 0.5172 0.5362 0.5676 0.4719 0.4439 0.0000 0.3632 0.2424 0.0000 0.0137 0.0000 0.0202 0.0366 0.9487
1.0000 0.5395 0.4651 0.4733 0.4976 0.3761 0.4646 0.5462 0.5714 0.5021 0.4562 0.5185 0.4756 0.5811 0.4505 0.4697 0.3913 0.5122 0.4917 0.4627 0.4565 0.5111 0.5191 0.4973 0.4608 0.4809 0.5246 0.5220 0.4358 0.4253 0.5130 0.4868 0.5092 0.5254 0.4153 0.4633 0.4698 0.9888 0.4255 0.3802 0.4417 0.5078 0.4928 0.4661 0.5116 0.5026 0.0000 0.4868 0.5114 0.0000 0.0000 0.0000 0.0000 0.0111 0.9655
1.0000 0.5169 0.5422 0.4728 0.4369 0.4537 0.5000 0.4623 0.5535 0.4577 0.4615 0.4688 0.3704 0.4722 0.5329 0.4167 0.4839 0.5034 0.5157 0.4712 0.4690 0.4949 0.4643 0.5138 0.5083 0.5629 0.4785 0.4865 0.4722 0.5000 0.5000 0.5285 0.4957 0.3063 0.5185 0.4897 0.5650 0.9894 0.6154 0.4444 0.4974 0.5413 0.5211 0.5368 0.4256 0.5000 0.0000 0.4917 0.4398 0.0000 0.0000 0.0000 0.0041 0.0000 0.9634
1.0000 0.4922 0.5158 0.4607 0.4536 0.4545 0.4881 0.3913 0.4478 0.5079 0.4979 0.5375 0.3608 0.4872 0.5660 0.4807 0.4000 0.4880 0.5051 0.5169 0.4606 0.5368 0.4861 0.4588 0.4858 0.5172 0.5672 0.5051 0.5024 0.4051 0.5035 0.4320 0.5179 0.4426 0.4590 0.4465 0.4904 0.9901 0.4510 0.4604 0.3966 0.4755 0.4870 0.5229 0.4775 0.5025 0.0000 0.2599 0.2030 0.0000 0.0000 0.0000 0.0000 0.0000 0.4595
1.0000 0.5253 0.5570 0.4413 0.5135 0.4818 0.4242 0.5096 0.5389 0.4880 0.4862 0.4444 0.4947 0.5070 0.4971 0.5297 0.4412 0.4880 0.5464 0.5043 0.4624 0.4681 0.4940 0.4969 0.4389 0.5032 0.4235 0.4523 0.4778 0.5610 0.5097 0.4672 0.4696 0.4113 0.4907 0.4123 0.5000 1.0000 0.6415 0.4368 0.4606 0.4673 0.5330 0.5351 0.4952 0.4870 0.0000 0.3263 0.2667 0.0000 0.0000 0.0039 0.0099 0.0303 0.5765
1.0000 0.4737 0.5432 0.4611 0.5450 0.4242 0.4663 0.4320 0.5197 0.4689 0.5438 0.5316 0.5342 0.4512 0.4483 0.4843 0.4643 0.5158 0.4485 0.4935 0.5027 0.6220 0.4946 0.5029 0.5655 0.5092 0.4648 0.4121 0.4244 0.4444 0.5426 0.4676 0.4237 0.4831 0.4793 0.4844 0.6116 1.0000 0.5312 0.4485 0.3333 0.5082 0.4571 0.5138 0.5000 0.5000 0.0000 0.4612 0.5360 0.0000 0.0000 0.0044 0.0040 0.0000 1.0000
1.0000 0.4121 0.5000 0.4611 0.5344 0.5000 0.5516 0.5000 0.4860 0.5123 0.5068 0.4471 0.4804 0.4878 0.4851 0.4672 0.5938 0.5493 0.5000 0.5437 0.5000 0.4457 0.5038 0.5503 0.5307 0.4400 0.5289 0.5667 0.4909 0.4945 0.5411 0.4577 0.5085 0.4262 0.5149 0.4523 0.5153 1.0000 0.6552 0.4109 0.3897 0.4661 0.4500 0.5246 0.5000 0.5285 0.0000 0.5070 0.5240 0.0000 0.0000 0.0000 0.0000 0.0000 1.0000
1.0000 0.4365 0.4105 0.5105 0.4410 0.4962 0.4419 0.5321 0.4415 0.4926 0.5171 0.3989 0.4306 0.4714 0.4595 0.4842 0.5625 0.5987 0.4841 0.5111 0.5000 0.4674 0.5078 0.4850 0.5665 0.4841 0.5497 0.4972 0.5320 0.3140 0.5746 0.5407 0.4286 0.5253 0.5086 0.4887 0.5116 1.0000 0.6471 0.4456 0.4432 0.4638 0.5028 0.5670 0.4703 0.4798 0.0000 0.4522 0.4330 0.0000 0.0000 0.0000 0.0000 0.0000 0.9726
1.0000 0.5208 0.5341 0.5154 0.4932 0.4505 0.5043 0.5149 0.4585 0.4766 0.4658 0.4593 0.4808 0.4545 0.5240 0.4962 0.4000 0.5000 0.5048 0.4348 0.4944 0.4762 0.4762 0.4956 0.4139 0.5000 0.4955 0.4219 0.4920 0.4792 0.5434 0.5363 0.4671 0.4722 0.5159 0.5037 0.4854 1.0000 0.5849 0.3673 0.4672 0.4935 0.4755 0.4526 0.5480 0.4348 0.0000 0.5037 0.4850 0.0000 0.4667 0.4917 0.4741 0.9792 1.0000
1.0000 0.5297 0.5059 0.4810 0.4619 0.5221 0.4829 0.5271 0.5567 0.5104 0.4922 0.4620 0.4737 0.5402 0.4938 0.4955 0.4615 0.5112 0.4483 0.5000 0.5028 0.5698 0.5434 0.4863 0.4670 0.4167 0.4402 0.4651 0.5068 0.4565 0.4717 0.5080 0.5069 0.4394 0.4653 0.4391 0.4798 1.0000 0.5476 0.4857 0.3941 0.4774 0.5272 0.5920 0.4741 0.4498 0.0000 0.0037 0.0000 0.0000 0.0000 0.0000 0.0000 0.0000 0.0273
1.0000 0.5471 0.5165 0.4721 0.4945 0.5446 0.4420 0.4949 0.5824 0.4541 0.5129 0.4703 0.3529 0.3846 0.4918 0.4222 0.5349 0.5028 0.4813 0.4815 0.5086 0.3810 0.4784 0.5754 0.5146 0.4789 0.4713 0.4645 0.4324 0.5102 0.4371 0.5041 0.5545 0.4627 0.4600 0.5397 0.5000 1.0000 0.6170 0.4502 0.4300 0.4730 0.4876 0.5042 0.5027 0.5532 0.0000 0.2208 0.2170 0.0000 0.1190 0.1523 0.1610 0.4176 0.3617
1.0000 0.4834 0.4926 0.4398 0.4964 0.4248 0.4848 0.4323 0.4953 0.4788 0.4672 0.5145 0.4326 0.4375 0.4747 0.5170 0.5455 0.4365 0.4981 0.4966 0.4958 0.4812 0.4759 0.4673 0.4120 0.4278 0.4399 0.4942 0.5017 0.5268 0.4869 0.4704 0.5029 0.4451 0.5495 0.3440 0.4757 0.9907 0.5902 0.4536 0.4225 0.4906 0.5000 0.5322 0.4688 0.3415 0.0000 0.4399 0.4484 0.2688 0.0294 0.0273 0.0155 0.0410 0.9841
1.0000 0.5179 0.4805 0.4441 0.3977 0.4775 0.5195 0.4911 0.4799 0.4482 0.5055 0.5018 0.4094 0.4909 0.4291 0.4712 0.5116 0.5461 0.4599 0.4383 0.5020 0.5474 0.4767 0.4755 0.5251 0.5277 0.4516 0.4558 0.4811 0.5294 0.4954 0.4987 0.5070 0.4326 0.4053 0.4572 0.5309 0.9745 0.5152 0.4459 0.3939 0.5000 0.5077 0.4382 0.5014 0.5385 0.0000 0.0000 0.0000 0.0000 0.0000 0.0026 0.0000 0.0000 0.9847
1.0000 0.4929 0.5192 0.5490 0.4672 0.5111 0.5323 0.5105 0.5446 0.5263 0.4329 0.4860 0.4344 0.5432 0.4780 0.5244 0.5758 0.5192 0.4601 0.5391 0.4775 0.5045 0.4638 0.5263 0.4937 0.5030 0.5247 0.4978 0.4675 0.4516 0.5183 0.5171 0.5259 0.4599 0.4539 0.4758 0.5322 0.9675 0.5455 0.4164 0.4380 0.3787 0.4315 0.4444 0.3616 0.0039 0.0000 0.0000 0.0034 0.0000 0.0000 0.0000 0.0000 0.0112 0.0000
1.0000 0.5025 0.4815 0.4696 0.4894 0.5280 0.5177 0.4362 0.5202 0.4756 0.5251 0.4570 0.4943 0.5238 0.4299 0.4754 0.4545 0.5275 0.4663 0.4375 0.4787 0.4630 0.4906 0.5085 0.4957 0.4167 0.5094 0.4823 0.4356 0.4255 0.4810 0.4494 0.5267 0.4454 0.4765 0.4770 0.4778 0.9901 0.5217 0.4186 0.4400 0.1599 0.0037 0.0000 0.0125 0.0046 0.0000 0.0000 0.0020 0.0000 0.0000 0.0000 0.0000 0.0000 0.0000
1.0000 0.4978 0.5040 0.5385 0.4880 0.4867 0.5547 0.4387 0.5020 0.5000 0.4919 0.5083 0.5243 0.5038 0.5110 0.4327 0.4500 0.4890 0.5245 0.4882 0.5120 0.5683 0.4812 0.4624 0.4863 0.5198 0.4635 0.4925 0.4735 0.5510 0.4110 0.4938 0.4919 0.4595 0.4231 0.4427 0.5709 0.9922 0.5429 0.4797 0.4379 0.1552 0.0000 0.0000 0.0000 0.0000 0.0000 0.0000 0.0000 0.0000 0.0000 0.0000 0.0000 0.0000 0.0000
1.0000 0.4839 0.5000 0.4036 0.5137 0.5474 0.5109 0.4107 0.4690 0.4934 0.4824 0.5021 0.3956 0.4737 0.5113 0.4913 0.5385 0.4937 0.5212 0.5310 0.4542 0.5338 0.4380 0.4512 0.4983 0.4755 0.4658 0.5152 0.4674 0.4019 0.5556 0.4458 0.4199 0.4408 0.5141 0.4863 0.5000 0.9638 0.5000 0.4416 0.4425 0.1788 0.0811 0.0723 0.0498 0.0230 0.0000 0.0000 0.0000 0.0000 0.0000 0.0033 0.0000 0.0000 0.0000
1.0000 0.4920 0.5035 0.4239 0.4184 0.4861 0.4702 0.4857 0.5053 0.5060 0.5220 0.4841 0.4018 0.4530 0.4612 0.5123 0.5870 0.4449 0.5336 0.5141 0.4534 0.5070 0.5245 0.4312 0.4797 0.4821 0.5082 0.4667 0.4505 0.4545 0.5109 0.4605 0.4317 0.4497 0.5076 0.5106 0.4762 0.9915 0.6585 0.4030 0.4444 0.1794 0.0000 0.0000 0.0056 0.0000 0.0031 0.0000 0.0000 0.0000 0.0000 0.0030 0.0000 0.0000 0.0070
1.0000 0.4872 0.4118 0.4921 0.5196 0.4966 0.4580 0.5732 0.4477 0.4905 0.4671 0.5123 0.4643 0.4752 0.4813 0.5071 0.5400 0.5000 0.4802 0.4825 0.4110 0.4435 0.5046 0.4596 0.5136 0.5450 0.4178 0.4837 0.4729 0.4569 0.4726 0.4379 0.5147 0.4366 0.4678 0.4897 0.4815 0.9760 0.5000 0.4983 0.4797 0.4981 0.2881 0.2759 0.2696 0.0000 0.0000 0.0000 0.0000 0.0000 0.0000 0.0000 0.0000 0.0000 0.0093
1.0000 0.5164 0.4643 0.4439 0.4643 0.4586 0.5216 0.4539 0.4174 0.4553 0.4754 0.4770 0.4737 0.3711 0.4050 0.4027 0.5135 0.4667 0.4436 0.4150 0.4245 0.5630 0.4368 0.4527 0.4669 0.4747 0.5496 0.4909 0.4946 0.5631 0.4270 0.4688 0.4182 0.5231 0.4625 0.4513 0.5021 0.9040 0.6071 0.3939 0.4192 0.3730 0.2420 0.1880 0.2470 0.2518 0.2159 0.0025 0.0000 0.0000 0.0000 0.0000 0.0035 0.0000 0.5887
1.0000 0.4879 0.5255 0.4073 0.5054 0.5556 0.4622 0.5250 0.4694 0.4917 0.4880 0.4899 0.3438 0.4190 0.4368 0.5353 0.4571 0.4783 0.4792 0.5000 0.4790 0.4427 0.4876 0.4774 0.5144 0.4975 0.4921 0.4866 0.5017 0.5085 0.4904 0.4710 0.5174 0.4011 0.5556 0.4224 0.5076 0.9912 0.5909 0.4475 0.4053 0.5033 0.5174 0.5329 0.4822 0.4826 0.0000 0.0000 0.0037 0.0000 0.0000 0.0000 0.0032 0.0000 1.0000
1.0000 0.4800 0.6022 0.4855 0.4886 0.4793 0.4957 0.5075 0.5098 0.4710 0.4833 0.4857 0.5111 0.4022 0.5049 0.5138 0.6000 0.4778 0.4739 0.5263 0.5444 0.4891 0.4488 0.4977 0.4228 0.4172 0.4722 0.4872 0.5498 0.4752 0.5550 0.5306 0.4354 0.4750 0.4897 0.4822 0.5628 0.9897 0.5263 0.4163 0.4470 0.4746 0.4698 0.5455 0.5124 0.5375 0.0000 0.3567 0.3381 0.0000 0.0204 0.0187 0.0128 0.0404 0.7255
1.0000 0.5721 0.3976 0.5299 0.5564 0.3929 0.5066 0.5109 0.4759 0.5299 0.4823 0.4751 0.4302 0.4270 0.4878 0.4698 0.6571 0.4861 0.4795 0.5857 0.5179 0.4483 0.4721 0.4974 0.5208 0.5291 0.5368 0.4939 0.4811 0.4563 0.4833 0.4659 0.3986 0.4929 0.5346 0.5354 0.5000 0.9911 0.4630 0.4280 0.5287 0.4786 0.4395 0.5000 0.4790 0.5197 0.0000 0.4983 0.5000 0.0000 0.0000 0.0000 0.0000 0.0000 0.9545
1.0000 0.4455 0.5412 0.4816 0.4598 0.5208 0.5271 0.5379 0.4645 0.4522 0.4839 0.4093 0.4432 0.4556 0.5411 0.5171 0.5556 0.5349 0.4894 0.5163 0.5070 0.4471 0.4735 0.5092 0.4640 0.5463 0.5915 0.4870 0.5094 0.4388 0.5149 0.4910 0.5070 0.4748 0.5238 0.4348 0.5082 0.9846 0.6000 0.4961 0.4178 0.4906 0.5200 0.5357 0.5479 0.5083 0.0000 0.4613 0.4899 0.0000 0.0000 0.0000 0.0000 0.0000 0.9802
1.0000 0.4947 0.5000 0.4429 0.4907 0.4786 0.4908 0.4962 0.4764 0.5279 0.5346 0.4343 0.5158 0.4359 0.4316 0.4598 0.4651 0.4192 0.4581 0.4831 0.5213 0.3929 0.5423 0.5202 0.5236 0.5399 0.4851 0.5222 0.4335 0.5319 0.5266 0.4610 0.4578 0.4331 0.5714 0.4571 0.5592 0.9500 0.5273 0.4211 0.4440 0.5114 0.5136 0.4364 0.5437 0.4823 0.0000 0.3094 0.3266 0.0000 0.0213 0.0112 0.0079 0.0000 0.4804
1.0000 0.4355 0.4579 0.3991 0.4564 0.4701 0.5000 0.4426 0.5829 0.4885 0.4759 0.4550 0.5057 0.4941 0.4921 0.4912 0.5000 0.5134 0.4434 0.5109 0.4595 0.4189 0.5110 0.4541 0.4558 0.5066 0.4700 0.4615 0.4661 0.5053 0.5000 0.4930 0.5467 0.4539 0.5526 0.3918 0.5233 0.9813 0.6429 0.3958 0.4337 0.4685 0.5023 0.4434 0.4710 0.4955 0.0000 0.0221 0.0303 0.0000 0.0000 0.0037 0.0000 0.0110 0.0909
1.0000 0.4764 0.4211 0.5213 0.4928 0.4958 0.5676 0.5556 0.5254 0.5071 0.4414 0.4686 0.4535 0.5312 0.4562 0.3938 0.5849 0.5095 0.4470 0.5217 0.4869 0.5726 0.5235 0.4560 0.4444 0.5110 0.5095 0.5200 0.5333 0.5773 0.5174 0.4417 0.4118 0.5081 0.5862 0.4275 0.5480 0.9907 0.5278 0.3802 0.4000 0.5022 0.4726 0.4274 0.4600 0.4976 0.0000 0.4149 0.5169 0.0000 0.0000 0.0000 0.0000 0.0098 0.9915
1.0000 0.4757 0.5196 0.5120 0.4670 0.5391 0.4536 0.5703 0.5556 0.5346 0.4633 0.4474 0.4950 0.5435 0.5168 0.5168 0.5610 0.5171 0.4688 0.4963 0.4242 0.4186 0.5345 0.4776 0.5000 0.4379 0.4779 0.4450 0.4805 0.5114 0.5706 0.5236 0.4357 0.3445 0.4715 0.4595 0.4737 0.9592 0.5593 0.4103 0.4371 0.4641 0.4950 0.5360 0.4008 0.6126 0.0000 0.4388 0.5350 0.0000 0.0000 0.0000 0.0000 0.0085 0.9900
1.0000 0.4672 0.5299 0.4805 0.5901 0.5182 0.5204 0.5062 0.4767 0.5094 0.5596 0.4567 0.3534 0.4272 0.4698 0.4963 0.5106 0.5000 0.4469 0.5035 0.4393 0.5046 0.4907 0.5316 0.4764 0.4940 0.5167 0.4207 0.4567 0.5556 0.4904 0.4939 0.4747 0.4106 0.4649 0.4889 0.5418 0.9457 0.3778 0.4262 0.4219 0.5098 0.4945 0.5197 0.4762 0.4735 0.0000 0.4888 0.4349 0.0000 0.0000 0.0000 0.0000 0.0000 0.8800
1.0000 0.5096 0.5143 0.4379 0.4703 0.5111 0.4559 0.4222 0.5060 0.5025 0.4737 0.5120 0.4697 0.3371 0.5422 0.4167 0.4118 0.4509 0.4130 0.5472 0.4575 0.4235 0.5182 0.5556 0.5028 0.5373 0.5052 0.5054 0.5930 0.3974 0.5180 0.4716 0.5133 0.5000 0.5000 0.5000 0.5080 0.6364 0.8929 0.3988 0.3672 0.4877 0.5207 0.4314 0.5388 0.5105 0.0000 0.4435 0.4915 0.0000 0.4444 0.5068 0.4731 0.9494 0.9897
1.0000 0.4596 0.4767 0.4921 0.4747 0.4896 0.5337 0.5170 0.4978 0.4795 0.5019 0.4951 0.4222 0.5125 0.4681 0.5305 0.5769 0.4900 0.4813 0.5048 0.4096 0.5412 0.5349 0.5291 0.5020 0.4932 0.4979 0.5648 0.4796 0.4536 0.5532 0.4784 0.3982 0.4286 0.4569 0.4454 0.4550 0.9810 0.5098 0.4353 0.4466 0.4054 0.4974 0.5094 0.5360 0.4356 0.0000 0.0068 0.0085 0.0000 0.0000 0.0041 0.0000 0.0000 0.0000
1.0000 0.0034 0.0000 0.0000 0.0000 0.0070 0.0072 0.0117 0.0076 0.0029 0.0079 0.0000 0.0000 0.0083 0.0072 0.0000 0.0000 0.0000 0.0039 0.0061 0.0000 0.0000 0.0101 0.0000 0.0000 0.0000 0.0029 0.0000 0.0029 0.0000 0.0000 0.0053 0.0000 0.0197 0.0000 0.0059 0.0077 0.0000 0.0152 0.0033 0.0067 0.0029 0.0000 0.0000 0.0027 0.0031 0.0000 0.0000 0.0000 0.0000 0.0000 0.0000 0.0027 0.0000 0.0000
1.0000 0.4851 0.4746 0.4082 0.4965 0.4688 0.4558 0.5663 0.4698 0.4512 0.4251 0.4416 0.4510 0.4746 0.4783 0.5026 0.5333 0.5078 0.5231 0.5000 0.4766 0.4918 0.4886 0.5470 0.5380 0.4790 0.4831 0.4970 0.5183 0.4714 0.5106 0.4630 0.6214 0.4681 0.4646 0.4586 0.5139 0.9855 0.4211 0.4321 0.4129 0.5025 0.6000 0.5769 0.4703 0.5419 0.0000 0.0000 0.0000 0.0000 0.0000 0.0000 0.0000 0.0000 1.0000
