1.0000 0.4651 0.4431 0.4644 0.4664 0.4701 0.4095 0.4553 0.4714 0.4477 0.4356 0.4497 0.4347 0.4526 0.4250 0.4186 0.4882 0.5008 0.4713 0.4647 0.4587 0.4215 0.4564 0.4640 0.4664 0.4322 0.4768 0.4752 0.4754 0.4674 0.4615 0.9309 0.9216 0.9623 0.9167 0.9487 0.4909 0.5709 0.4883 0.0970 0.0877 0.1125 0.1032 0.1587 0.0816 0.0897 0.0681 0.0034 0.0081 0.0052 0.0039 0.0018 0.0000 0.0000 0.0000 0.0000 0.0000 0.0000 0.0035 0.0015 0.0000 0.0000 0.0000 0.0000 0.0000 0.0000 0.0000 0.0000 0.0000 0.0000 0.0017 0.0000
1.0000 0.4899 0.5296 0.5211 0.5333 0.4865 0.4894 0.4508 0.5573 0.5406 0.5231 0.4590 0.5477 0.4163 0.4493 0.4978 0.4580 0.5069 0.5101 0.4184 0.4796 0.3667 0.4228 0.5191 0.4710 0.5088 0.4777 0.4384 0.5049 0.4793 0.4663 1.0000 0.9915 1.0000 1.0000 1.0000 0.5089 0.4625 0.5194 0.1356 0.2311 0.1711 0.2872 0.2069 0.1640 0.1486 0.1681 0.0079 0.0219 0.0227 0.0000 0.0041 0.0000 0.0000 0.0000 0.0000 0.0000 0.0036 0.0047 0.0000 0.0000 0.0000 0.0000 0.0000 0.0039 0.0000 0.0000 0.0000 0.0000 0.0000 0.0000 0.0000
1.0000 0.5344 0.4715 0.4810 0.4953 0.4387 0.4730 0.5679 0.5214 0.5170 0.4803 0.4948 0.5060 0.4926 0.4978 0.5512 0.4843 0.5275 0.5640 0.4980 0.4937 0.5692 0.5644 0.5092 0.4896 0.4414 0.5235 0.4659 0.5053 0.4848 0.5028 1.0000 0.9919 1.0000 1.0000 1.0000 0.4074 0.5256 0.5407 0.1176 0.1174 0.0805 0.1921 0.0922 0.0837 0.1504 0.1046 0.0125 0.0148 0.0233 0.0000 0.0037 0.0034 0.0000 0.0058 0.0000 0.0000 0.0000 0.0051 0.0000 0.0000 0.0000 0.0062 0.0000 0.0034 0.0056 0.0000 0.0000 0.0000 0.0000 0.0033 0.0000
1.0000 0.4678 0.4393 0.5149 0.5143 0.5099 0.5372 0.4740 0.5549 0.4958 0.4720 0.4875 0.5485 0.4609 0.4903 0.4939 0.4579 0.5039 0.4922 0.4500 0.4800 0.3797 0.5317 0.5342 0.4799 0.4550 0.4607 0.5222 0.4660 0.4903 0.5052 1.0000 1.0000 1.0000 0.9926 1.0000 0.5390 0.5060 0.5113 0.4561 0.3758 0.3823 0.4596 0.4181 0.2786 0.2460 0.2609 0.1128 0.0479 0.0536 0.0000 0.0071 0.0000 0.0044 0.0000 0.0000 0.0063 0.0000 0.0000 0.0000 0.0000 0.0000 0.0000 0.0000 0.0067 0.0000 0.0051 0.0028 0.0000 0.0000 0.0096 0.0000
1.0000 0.4831 0.4808 0.4629 0.5167 0.5058 0.4286 0.5280 0.4101 0.4488 0.4122 0.4524 0.4663 0.4619 0.4510 0.4615 0.4752 0.4775 0.4533 0.4852 0.5035 0.4857 0.5294 0.4803 0.5000 0.4831 0.4244 0.4600 0.5000 0.4457 0.4663 1.0000 1.0000 1.0000 0.9919 1.0000 0.5401 0.4949 0.5024 0.4909 0.4256 0.4717 0.5663 0.4930 0.1962 0.2267 0.2134 0.0300 0.0305 0.0189 0.0000 0.0000 0.0000 0.0000 0.0000 0.0000 0.0077 0.0000 0.0000 0.0000 0.0097 0.0000 0.0000 0.0000 0.0000 0.0000 0.0000 0.0000 0.0000 0.0000 0.0032 0.0000
1.0000 0.5466 0.4139 0.4590 0.4133 0.5137 0.5464 0.4978 0.4737 0.4747 0.4423 0.5063 0.4337 0.4975 0.4581 0.4526 0.5230 0.5235 0.4682 0.4598 0.4944 0.5000 0.4500 0.4690 0.4645 0.5563 0.4732 0.4268 0.4632 0.5497 0.4641 1.0000 1.0000 1.0000 1.0000 1.0000 0.5140 0.4865 0.6555 0.4915 0.4670 0.4855 0.4779 0.5047 0.4120 0.5000 0.4500 0.0000 0.0044 0.0000 0.0130 0.0000 0.0000 0.0000 0.0064 0.0000 0.0000 0.0035 0.0057 0.0000 0.0000 0.0000 0.0000 0.0038 0.0000 0.0000 0.0000 0.0000 0.0000 0.0000 0.0000 0.0000
1.0000 0.4416 0.5068 0.4859 0.4907 0.4975 0.5132 0.4986 0.4805 0.4756 0.4964 0.4519 0.3989 0.4510 0.4476 0.5088 0.5243 0.5041 0.4878 0.5192 0.4912 0.4615 0.5620 0.3986 0.5246 0.4885 0.5444 0.4595 0.5417 0.4556 0.5414 1.0000 1.0000 1.0000 0.9930 1.0000 0.5072 0.6000 0.5412 0.4688 0.4579 0.4734 0.4716 0.4396 0.4484 0.1407 0.1385 0.0000 0.0038 0.0000 0.0000 0.0039 0.0034 0.0000 0.0050 0.0000 0.0036 0.0032 0.0000 0.0000 0.0000 0.0000 0.0000 0.0000 0.0035 0.0056 0.0043 0.0000 0.0000 0.0000 0.0000 0.0000
1.0000 0.4364 0.4575 0.4502 0.4352 0.5341 0.4280 0.5168 0.4889 0.4625 0.4340 0.4781 0.5078 0.4516 0.5063 0.5500 0.5655 0.4801 0.4684 0.4794 0.4271 0.5263 0.4762 0.4601 0.4735 0.4260 0.4875 0.4624 0.5368 0.4726 0.5268 1.0000 1.0000 1.0000 1.0000 1.0000 0.4870 0.4239 0.5102 0.5132 0.4414 0.4904 0.4817 0.4774 0.5072 0.4363 0.4130 0.0000 0.0000 0.0000 0.0099 0.0000 0.0067 0.0053 0.0000 0.0000 0.0035 0.0036 0.0000 0.0000 0.0000 0.0000 0.0031 0.0000 0.0000 0.0000 0.0000 0.0000 0.0000 0.0000 0.0038 0.0000
1.0000 0.4621 0.4617 0.4671 0.5285 0.4648 0.4915 0.4787 0.4706 0.4847 0.4407 0.4753 0.4483 0.5010 0.4603 0.5236 0.5052 0.4927 0.4911 0.4506 0.4903 0.4871 0.5082 0.5198 0.4697 0.4885 0.4481 0.4804 0.5130 0.4544 0.5033 0.9905 0.9971 0.9911 0.9969 0.9941 0.5000 0.5445 0.4951 0.5109 0.4789 0.4931 0.4912 0.4941 0.5341 0.4931 0.5017 0.4886 0.5148 0.4651 0.9959 0.4343 0.5025 0.4142 0.4493 0.4537 0.4601 0.4545 0.4980 0.4944 0.4829 0.4700 0.4768 0.4277 0.4470 0.5218 0.4779 0.4073 0.4148 0.3364 0.3364 0.1979
1.0000 0.5276 0.4558 0.5328 0.4694 0.5261 0.5205 0.5550 0.5217 0.5141 0.4503 0.4863 0.4910 0.4790 0.5216 0.4088 0.5055 0.4624 0.4848 0.5214 0.4679 0.5972 0.4809 0.4667 0.4773 0.5187 0.5463 0.4495 0.4726 0.5071 0.3990 1.0000 1.0000 1.0000 1.0000 1.0000 0.5221 0.4911 0.5309 0.5263 0.4424 0.4884 0.4902 0.5053 0.4704 0.5097 0.4775 0.5035 0.4886 0.5714 0.9760 0.4361 0.5093 0.5046 0.4457 0.4656 0.4708 0.4459 0.5419 0.5359 0.4528 0.5246 0.4985 0.5265 0.4808 0.4607 0.5109 0.4712 0.4648 0.3497 0.3514 0.1444
1.0000 0.4583 0.4484 0.4981 0.4906 0.4700 0.4032 0.5000 0.4969 0.4772 0.5106 0.5200 0.4673 0.5061 0.4358 0.4696 0.5248 0.4873 0.5091 0.5166 0.4759 0.4328 0.4656 0.5113 0.5127 0.4844 0.4286 0.4896 0.4548 0.5568 0.5029 1.0000 1.0000 1.0000 0.9941 1.0000 0.4964 0.4513 0.5109 0.5000 0.4792 0.4745 0.4765 0.4542 0.5234 0.4867 0.5087 0.4821 0.4870 0.4000 1.0000 0.5387 0.5658 0.4378 0.4286 0.4703 0.5215 0.4983 0.4481 0.4354 0.4670 0.4796 0.4295 0.4962 0.5476 0.4528 0.4688 0.4953 0.4110 0.4145 0.3626 0.2333
1.0000 0.4925 0.4795 0.5284 0.5321 0.5367 0.4505 0.4884 0.5242 0.4939 0.4732 0.5505 0.4321 0.4660 0.4730 0.5113 0.4655 0.4878 0.4571 0.4916 0.4897 0.4861 0.4746 0.5020 0.5560 0.5036 0.4654 0.5342 0.5316 0.4490 0.4884 0.9891 1.0000 1.0000 0.9917 1.0000 0.4255 0.4524 0.4969 0.5319 0.5247 0.4939 0.4626 0.5622 0.4787 0.4898 0.4449 0.5654 0.4716 0.5641 1.0000 0.4107 0.4667 0.4764 0.4220 0.4888 0.4945 0.5000 0.4540 0.5742 0.5948 0.4375 0.4545 0.4982 0.4753 0.4603 0.4431 0.4519 0.3947 0.2660 0.2956 0.2366
1.0000 0.4774 0.4854 0.4253 0.5595 0.4492 0.5513 0.5216 0.4667 0.4490 0.4464 0.5144 0.5153 0.5024 0.4648 0.4044 0.4897 0.6086 0.5216 0.4879 0.4637 0.4697 0.3839 0.4583 0.4418 0.5208 0.5503 0.5529 0.4915 0.5000 0.5510 1.0000 1.0000 1.0000 1.0000 1.0000 0.4830 0.4795 0.4444 0.5000 0.4774 0.5000 0.4983 0.4622 0.5165 0.4509 0.4167 0.4894 0.4695 0.4889 1.0000 0.4424 0.5382 0.4833 0.4643 0.5571 0.5205 0.4399 0.4452 0.4624 0.4505 0.4667 0.5329 0.4757 0.5021 0.4853 0.5275 0.4558 0.4068 0.3144 0.2969 0.1163
1.0000 0.4961 0.4803 0.5403 0.5124 0.4583 0.5067 0.5140 0.4361 0.4423 0.5000 0.4875 0.5337 0.5205 0.5462 0.4930 0.5097 0.5029 0.4825 0.5000 0.4674 0.5789 0.4275 0.4908 0.4729 0.4750 0.4348 0.4634 0.5079 0.5090 0.5000 1.0000 1.0000 1.0000 1.0000 1.0000 0.4109 0.4091 0.3886 0.6250 0.5359 0.5074 0.5074 0.6075 0.5481 0.4762 0.4444 0.4378 0.5373 0.3846 1.0000 0.3760 0.5417 0.4973 0.4522 0.4031 0.4690 0.4558 0.5825 0.5204 0.5188 0.4510 0.4651 0.3546 0.5213 0.4506 0.4632 0.3333 0.2911 0.2622 0.2305 0.0947
1.0000 0.5263 0.5036 0.4831 0.4771 0.4632 0.5000 0.4987 0.5260 0.4609 0.4565 0.5145 0.5272 0.4789 0.4836 0.4545 0.5073 0.4758 0.4674 0.4715 0.4944 0.5429 0.4394 0.4746 0.4966 0.5150 0.4917 0.3958 0.5191 0.4911 0.5091 1.0000 1.0000 1.0000 1.0000 1.0000 0.3724 0.5200 0.4138 0.5167 0.5061 0.5079 0.5130 0.5077 0.4886 0.4910 0.4667 0.4932 0.4902 0.5303 1.0000 0.4231 0.4662 0.4303 0.4599 0.4938 0.4885 0.4582 0.4856 0.5524 0.5132 0.5208 0.5278 0.5015 0.4926 0.4254 0.4706 0.4514 0.3436 0.3062 0.2881 0.0690
1.0000 0.4865 0.5021 0.4709 0.4312 0.4096 0.5045 0.5144 0.5000 0.4346 0.4135 0.5105 0.4765 0.4250 0.4821 0.5095 0.5519 0.5296 0.4793 0.5290 0.4569 0.4286 0.4516 0.3919 0.5061 0.5245 0.4024 0.4304 0.4916 0.4435 0.4591 1.0000 1.0000 1.0000 1.0000 1.0000 0.4189 0.5738 0.4821 0.4576 0.4659 0.4919 0.4716 0.5200 0.4956 0.4550 0.5207 0.5529 0.4864 0.5455 1.0000 0.4951 0.4919 0.4383 0.4431 0.5576 0.4980 0.4906 0.5062 0.4785 0.5244 0.4840 0.4943 0.5021 0.4571 0.5635 0.4734 0.5180 0.4783 0.4138 0.5093 0.1013
1.0000 0.4864 0.4407 0.5248 0.4677 0.5095 0.4731 0.5000 0.4539 0.4896 0.4545 0.5200 0.4757 0.5000 0.5188 0.5768 0.4824 0.5376 0.4579 0.4904 0.4353 0.3485 0.5355 0.4947 0.5536 0.4835 0.5118 0.4819 0.4982 0.4648 0.5333 1.0000 1.0000 1.0000 0.9938 1.0000 0.5354 0.4624 0.4140 0.4923 0.4712 0.4784 0.5472 0.5182 0.4370 0.4551 0.4797 0.5112 0.4767 0.3590 1.0000 0.3941 0.5407 0.4842 0.4192 0.4730 0.4505 0.4706 0.5000 0.4693 0.4795 0.5017 0.4819 0.3584 0.5209 0.4631 0.4742 0.4297 0.2915 0.2850 0.3204 0.1395
1.0000 0.4878 0.4591 0.4843 0.4790 0.5469 0.4804 0.4543 0.5351 0.4560 0.4571 0.5079 0.4899 0.4191 0.4425 0.5018 0.4920 0.4786 0.4492 0.4510 0.4647 0.5417 0.4286 0.5113 0.4833 0.4787 0.4360 0.5000 0.4857 0.4745 0.5489 1.0000 1.0000 1.0000 1.0000 1.0000 0.3933 0.5960 0.5045 0.5862 0.4912 0.5121 0.5060 0.4559 0.4519 0.4740 0.4354 0.5669 0.4600 0.5116 0.9898 0.5203 0.4542 0.4589 0.4560 0.4792 0.4505 0.4971 0.4957 0.4444 0.4912 0.4755 0.5625 0.4766 0.4521 0.5079 0.4755 0.4708 0.4098 0.2857 0.3278 0.1899
1.0000 0.4843 0.5404 0.5190 0.5536 0.4882 0.4402 0.4811 0.4851 0.4846 0.4955 0.5256 0.4971 0.4602 0.4530 0.4757 0.4958 0.4656 0.4488 0.5390 0.4457 0.3922 0.4656 0.4662 0.5034 0.5602 0.5059 0.4026 0.4899 0.5205 0.4444 1.0000 1.0000 1.0000 1.0000 1.0000 0.4963 0.4643 0.4731 0.5472 0.5427 0.5298 0.4425 0.4891 0.4683 0.4587 0.5129 0.5320 0.4498 0.4500 1.0000 0.4818 0.4769 0.4244 0.4805 0.4368 0.5255 0.4884 0.4653 0.4217 0.4438 0.4865 0.4645 0.5267 0.5388 0.4737 0.5196 0.4508 0.4293 0.2791 0.3358 0.0000
1.0000 0.4434 0.4823 0.5291 0.4622 0.5051 0.4675 0.5241 0.4329 0.5093 0.4254 0.5426 0.4167 0.4681 0.4341 0.4891 0.4748 0.4676 0.4426 0.5099 0.5090 0.4658 0.4565 0.4618 0.5188 0.3824 0.4898 0.5581 0.4983 0.4393 0.4800 1.0000 1.0000 1.0000 0.9784 1.0000 0.4685 0.5294 0.4450 0.4182 0.4968 0.5173 0.4673 0.4872 0.5462 0.4696 0.4519 0.4788 0.4873 0.3750 1.0000 0.4639 0.5576 0.4747 0.4536 0.5369 0.4880 0.5048 0.5226 0.4057 0.4171 0.4657 0.4615 0.4961 0.4351 0.5000 0.5023 0.4342 0.4792 0.3314 0.3648 0.1415
