0 0 232 0 178 123 202 0 53 314 54 88 112 152 47 0 22 242 0 0 1 0 0 129 0 49 43 57 34 21 13 0 1 159 35 91 143 0 236 175 176 47 0 177 121 91 140 0 0 0 166 192 22 222 28 76 53 202 68 1 0 98
0 0 0 0 0 0 159 0 6 184 5 0 0 120 1 0 1 114 0 0 1 0 0 0 0 133 99 5 5 4 1 0 0 94 137 0 0 0 158 0 0 107 1 1 67 0 0 1 0 0 142 127 6 151 95 38 187 0 158 0 1 0
0 0 0 0 0 1 164 0 43 202 53 0 0 116 0 0 11 140 0 1 0 0 0 0 0 178 127 51 22 18 13 0 2 109 167 0 0 0 200 0 0 156 0 0 78 0 0 0 0 0 117 197 25 200 80 33 219 0 164 0 0 0
0 0 0 0 0 0 205 0 163 247 196 0 0 151 0 0 23 162 0 0 0 0 0 0 0 178 143 152 80 103 59 0 0 120 174 0 0 0 198 0 0 146 0 1 89 0 0 0 0 0 143 198 81 216 106 33 226 0 180 0 0 0
0 0 0 0 0 0 168 1 50 208 66 0 0 136 0 0 19 130 0 0 0 0 0 0 0 157 116 60 37 39 21 0 0 137 132 0 1 0 209 0 1 147 0 1 75 0 0 1 1 0 145 187 18 177 93 30 219 0 178 0 0 0
0 0 0 0 0 1 123 0 5 156 4 0 0 94 1 0 0 123 0 0 0 0 0 0 0 128 88 2 2 5 3 0 0 78 130 0 0 1 145 0 0 116 0 1 72 0 0 0 0 0 98 133 6 142 63 29 151 0 117 0 0 0
0 0 0 0 0 0 123 0 114 144 131 0 0 93 0 1 0 91 0 0 1 1 0 0 0 106 88 105 63 67 48 0 1 72 111 0 0 0 128 0 0 86 0 0 74 1 0 0 0 0 84 93 47 123 52 24 136 0 129 0 0 0
0 0 0 0 0 1 40 2 58 62 49 0 0 32 0 0 5 26 0 0 0 0 0 0 0 43 29 50 27 24 23 0 1 35 42 0 0 0 52 2 1 42 0 1 25 1 0 0 0 0 35 56 23 69 23 13 55 0 47 0 0 0
0 0 0 0 0 0 168 0 2 164 2 0 0 95 0 0 0 133 0 0 0 1 0 0 0 141 105 5 2 0 1 0 1 111 157 0 0 0 173 0 0 130 1 0 84 0 0 0 0 0 105 176 1 180 85 32 197 0 150 0 0 0
1 0 0 0 0 0 74 5 83 89 71 0 0 43 0 1 12 68 0 0 0 0 0 0 0 56 52 64 35 31 23 0 0 44 55 0 1 0 84 1 0 63 0 0 38 0 0 0 0 0 43 79 43 73 31 9 69 0 69 0 0 0
0 0 0 0 0 0 139 1 118 182 130 0 0 99 0 0 16 107 0 0 0 1 0 0 0 123 81 108 70 62 38 0 0 80 98 0 0 0 138 0 0 100 0 0 59 0 0 0 0 0 94 132 63 131 64 30 134 0 113 1 0 0
0 0 0 0 0 1 148 0 142 176 140 0 0 98 0 0 24 116 0 0 0 0 0 0 0 117 108 122 76 82 36 0 0 84 113 0 1 0 186 0 0 128 1 0 81 0 0 0 1 0 103 126 65 160 88 30 154 0 133 0 0 0
0 0 0 0 0 0 152 0 15 168 20 0 0 100 0 0 4 105 0 0 0 0 0 0 0 129 89 14 13 8 5 0 1 81 124 0 0 0 128 0 0 129 0 0 47 0 0 0 0 0 119 117 8 147 61 37 170 0 144 0 0 0
105 72 0 42 0 0 185 86 155 207 164 0 0 117 0 39 70 213 80 79 40 52 42 0 21 154 152 172 133 101 70 116 55 149 135 0 0 98 199 1 1 161 32 0 97 0 0 121 48 135 139 148 88 170 89 68 195 0 185 44 51 0
9 13 0 10 0 0 118 12 127 169 122 0 0 90 0 37 46 91 19 19 44 91 57 0 0 98 90 111 53 53 35 16 67 84 124 0 0 10 131 0 0 99 44 0 58 0 0 21 58 11 101 115 56 117 63 29 131 0 102 6 71 0
1 1 0 1 0 0 124 0 127 150 152 0 0 81 0 38 41 119 2 2 54 117 91 1 3 120 82 121 57 64 39 0 113 75 104 0 0 3 150 0 1 106 61 0 67 0 0 1 90 0 114 136 67 149 57 19 140 0 134 0 82 0
0 0 0 0 0 1 113 1 140 205 164 0 0 100 1 55 48 109 0 0 64 149 96 0 5 123 121 132 67 80 40 0 131 101 139 0 0 1 165 0 0 118 71 0 79 0 0 0 97 1 116 132 83 140 77 23 162 0 151 0 108 0
10 5 0 2 0 1 141 9 138 216 193 0 0 119 1 47 56 116 8 8 51 135 89 0 4 143 118 165 71 71 38 10 134 108 114 0 0 7 151 0 0 132 60 0 65 0 0 21 76 7 104 146 65 172 71 32 175 0 143 2 96 0
0 0 0 0 0 0 155 0 142 221 176 0 0 123 1 63 60 127 0 0 67 175 102 0 3 138 134 161 97 76 50 0 169 83 136 0 0 0 161 0 0 115 65 0 74 0 0 0 111 1 142 155 59 164 78 48 165 0 183 0 129 0
120 80 0 66 0 0 145 98 116 181 172 0 0 93 0 2 49 98 126 125 1 2 3 0 0 129 111 138 55 68 42 146 10 90 124 1 0 93 142 0 0 93 1 0 71 0 0 169 4 129 119 113 73 169 66 32 148 0 132 36 6 0
7 4 0 3 1 0 175 3 159 213 177 0 0 136 3 65 67 124 2 2 85 169 123 0 2 187 118 183 98 89 46 6 158 107 159 0 0 1 177 0 0 130 77 0 94 0 0 4 101 6 138 144 76 191 91 31 189 0 187 2 128 0
0 1 1 0 0 1 155 2 34 189 36 0 0 100 1 0 11 131 0 0 0 0 0 0 0 151 137 28 24 21 17 0 0 101 144 0 0 0 152 0 0 139 0 2 58 0 0 0 0 0 130 159 18 181 81 30 193 1 174 1 0 0
0 0 0 0 0 0 150 0 101 210 111 0 0 106 0 1 11 112 0 0 0 0 0 0 0 135 121 110 58 58 34 0 0 115 157 0 1 0 174 0 0 148 0 0 84 0 0 0 0 0 129 161 54 164 79 33 200 0 148 0 1 0
0 0 1 0 0 0 158 0 102 169 134 0 1 104 0 0 49 101 0 0 0 0 0 0 0 113 113 102 74 66 34 0 0 70 119 0 1 0 145 0 1 94 0 1 67 0 0 0 0 0 122 105 53 139 75 23 154 0 150 0 0 0
0 0 0 0 0 0 146 0 65 155 89 0 0 122 1 0 20 83 0 0 0 0 0 0 0 114 95 81 35 32 17 0 0 96 123 0 0 0 147 1 0 102 1 0 58 0 0 0 0 0 112 110 37 125 72 31 142 0 135 0 0 0
0 0 0 0 0 0 135 0 36 158 39 0 0 83 0 0 0 97 0 0 0 0 0 0 0 103 81 35 17 27 14 0 0 90 114 0 0 0 158 0 0 103 0 0 59 0 0 0 0 0 115 129 21 151 70 26 133 0 117 0 0 0
