1.0000 0.4879 0.5048 0.4699 0.4907 0.4846 0.4959 0.4677 0.4450 0.4606 0.3468 0.3346 0.3098 0.3228 0.3297 0.3496 0.3199 0.4233 0.3489 0.5600 0.3766 0.1181 0.1116 0.1164 0.1053 0.0797 0.0943 0.1068 0.1069 0.0977 0.0963 0.1091 0.1073 0.1117 0.1227 0.1095 0.0000 0.0000 0.0000 0.0000 0.0000 0.0000 0.0000 0.0000 0.0000 0.0000 0.0057 0.0000 0.0043 0.0000 0.0000 0.0000 0.0018 0.0000 0.0000 0.0000 0.0806 0.2691 0.2780 0.2675 0.2857
1.0000 0.5048 0.4881 0.4914 0.4631 0.4847 0.4527 0.4898 0.5071 0.5135 0.0000 0.0000 0.0000 0.0000 0.0000 0.0000 0.0000 0.0000 0.0000 0.0000 0.0037 0.4737 0.4944 0.4877 0.5655 0.4982 0.5468 0.4820 0.0311 0.0219 0.0095 0.0137 0.0150 0.0361 0.0235 0.0083 0.0000 0.0000 0.0000 0.0000 0.0000 0.0000 0.0000 0.0000 0.0025 0.0000 0.0000 0.0000 0.0078 0.0000 0.0078 0.0000 0.0000 0.0067 0.0000 0.0000 0.0029 0.0000 0.0000 0.0000 0.0000
1.0000 0.4767 0.4764 0.5072 0.4977 0.4773 0.4149 0.5043 0.4209 0.5238 0.0000 0.0000 0.0033 0.0000 0.0000 0.0000 0.0000 0.0000 0.0000 0.0000 0.0000 0.5336 0.5159 0.4646 0.5161 0.5138 0.4921 0.4444 0.1401 0.1314 0.1275 0.1296 0.1619 0.1623 0.1458 0.0948 0.0000 0.0000 0.0000 0.0000 0.0000 0.0044 0.0000 0.0000 0.0000 0.0000 0.0000 0.0000 0.0000 0.0000 0.0000 0.0000 0.0059 0.0000 0.0000 0.0000 0.0000 0.0000 0.0000 0.0000 0.0000
1.0000 0.5012 0.5167 0.4969 0.4959 0.4605 0.4238 0.5017 0.4598 0.3837 0.0000 0.0000 0.0000 0.0000 0.0000 0.0000 0.0000 0.0000 0.0000 0.0000 0.0030 0.5000 0.5057 0.4675 0.5579 0.4820 0.5102 0.4320 0.4082 0.4537 0.4538 0.4444 0.4234 0.4551 0.4579 0.1729 0.0000 0.0000 0.0000 0.0000 0.0000 0.0000 0.0000 0.0000 0.0000 0.0000 0.0000 0.0000 0.0000 0.0000 0.0000 0.0000 0.0000 0.0000 0.0000 0.0000 0.0000 0.0000 0.0000 0.0000 0.0000
1.0000 0.4444 0.4407 0.4762 0.4893 0.5160 0.4386 0.4564 0.4603 0.3896 0.0000 0.0000 0.0000 0.0000 0.0000 0.0041 0.0000 0.0000 0.0000 0.0000 0.0027 0.4754 0.4801 0.4697 0.5110 0.4459 0.5141 0.4637 0.1637 0.1797 0.1438 0.1557 0.1550 0.1084 0.1502 0.1532 0.0000 0.0000 0.0000 0.0035 0.0000 0.0000 0.0000 0.0000 0.0022 0.0000 0.0000 0.0000 0.0000 0.0000 0.0000 0.0000 0.0000 0.0000 0.0022 0.0000 0.0000 0.0000 0.0000 0.0020 0.0000
1.0000 0.5020 0.4968 0.5616 0.4535 0.5000 0.4800 0.4921 0.5000 0.5179 0.0000 0.0000 0.0044 0.0000 0.0000 0.0000 0.0000 0.0000 0.0000 0.0000 0.0039 0.5238 0.5246 0.4699 0.5339 0.5039 0.4809 0.4531 0.0172 0.0450 0.0400 0.0144 0.0080 0.0476 0.0216 0.0000 0.0000 0.0000 0.0000 0.0000 0.0000 0.0000 0.0000 0.0043 0.0000 0.0000 0.0000 0.0000 0.0000 0.0000 0.0000 0.0000 0.0000 0.0000 0.0000 0.0000 0.0034 0.0000 0.0000 0.0000 0.0000
1.0000 0.5419 0.5314 0.5028 0.4932 0.5590 0.5649 0.4869 0.4330 0.4898 0.0000 0.0000 0.0000 0.0000 0.0000 0.0000 0.0000 0.0122 0.0000 0.0000 0.0000 0.5116 0.5072 0.5202 0.4685 0.4625 0.5375 0.4804 0.4846 0.5038 0.5517 0.4799 0.4430 0.4700 0.5352 0.0000 0.0000 0.0000 0.0000 0.0000 0.0000 0.0000 0.0000 0.0000 0.0000 0.0000 0.0000 0.0108 0.0104 0.0044 0.0000 0.0000 0.0042 0.0000 0.0000 0.0000 0.0000 0.0000 0.0000 0.0000 0.0000
1.0000 0.4301 0.5210 0.4062 0.5469 0.4483 0.4098 0.4000 0.4861 0.4062 0.0000 0.0000 0.0108 0.0000 0.0000 0.0000 0.0174 0.0238 0.0000 0.0000 0.0104 0.5577 0.5733 0.5222 0.4792 0.4516 0.2683 0.4773 0.4655 0.4364 0.5610 0.4757 0.5155 0.4423 0.5743 0.1250 0.0000 0.0000 0.0000 0.0235 0.0000 0.0000 0.0000 0.0000 0.0000 0.0000 0.0000 0.0000 0.0000 0.0000 0.0000 0.0000 0.0081 0.0000 0.0000 0.0000 0.0000 0.0000 0.0000 0.0058 0.0000
1.0000 0.5350 0.4646 0.4981 0.5211 0.4494 0.4719 0.4567 0.4526 0.5000 0.0000 0.0000 0.0000 0.0000 0.0000 0.0000 0.0000 0.0000 0.0000 0.0000 0.0000 0.5048 0.4879 0.4762 0.5346 0.4604 0.5026 0.4745 0.0105 0.0000 0.0100 0.0058 0.0162 0.0082 0.0066 0.0000 0.0000 0.0000 0.0000 0.0000 0.0000 0.0000 0.0000 0.0000 0.0000 0.0000 0.0000 0.0000 0.0000 0.0028 0.0000 0.0000 0.0033 0.0070 0.0000 0.0000 0.0000 0.0000 0.0000 0.0000 0.0000
1.0000 0.5139 0.5000 0.5812 0.5238 0.4855 0.5429 0.4624 0.4216 0.3000 0.0000 0.0000 0.0000 0.0000 0.0000 0.0100 0.0059 0.0000 0.0000 0.0000 0.0000 0.4860 0.4409 0.5267 0.4429 0.4167 0.2887 0.4599 0.5000 0.5000 0.5610 0.4465 0.5161 0.5811 0.6241 0.2727 0.0069 0.0000 0.0000 0.0407 0.0000 0.0000 0.0000 0.0000 0.0000 0.0000 0.0000 0.0175 0.0000 0.0000 0.0000 0.0000 0.0000 0.0000 0.0000 0.0000 0.0000 0.0000 0.0000 0.0000 0.0000
1.0000 0.5129 0.5245 0.5047 0.4324 0.4646 0.4609 0.5183 0.4141 0.5455 0.0000 0.0000 0.0000 0.0000 0.0000 0.0000 0.0000 0.0000 0.0000 0.0000 0.0000 0.4709 0.5125 0.4502 0.4156 0.4414 0.4653 0.4405 0.4930 0.4559 0.4935 0.4693 0.4235 0.5122 0.5021 0.1524 0.0000 0.0000 0.0000 0.0056 0.0000 0.0000 0.0000 0.0000 0.0000 0.0000 0.0141 0.0000 0.0000 0.0034 0.0000 0.0000 0.0000 0.0000 0.0000 0.0000 0.0000 0.0000 0.0000 0.0000 0.0000
1.0000 0.5086 0.4916 0.5022 0.4693 0.5569 0.4939 0.4537 0.4459 0.4167 0.0000 0.0000 0.0041 0.0000 0.0000 0.0061 0.0000 0.0000 0.0000 0.0000 0.0000 0.5510 0.5392 0.4926 0.5677 0.4748 0.5016 0.5120 0.4935 0.5541 0.4138 0.4348 0.4586 0.5242 0.5221 0.2376 0.0000 0.0000 0.0000 0.0000 0.0000 0.0000 0.0000 0.0000 0.0000 0.0000 0.0000 0.0000 0.0000 0.0000 0.0000 0.0000 0.0000 0.0078 0.0030 0.0000 0.0000 0.0000 0.0000 0.0000 0.0000
1.0000 0.5315 0.4855 0.4751 0.4709 0.4384 0.4608 0.4695 0.5360 0.5692 0.0000 0.0000 0.0000 0.0000 0.0000 0.0000 0.0000 0.0000 0.0000 0.0000 0.0000 0.5145 0.5181 0.4721 0.5495 0.4627 0.5215 0.5119 0.0813 0.0530 0.0602 0.0683 0.0538 0.0650 0.0600 0.0367 0.0000 0.0000 0.0000 0.0000 0.0000 0.0000 0.0000 0.0000 0.0000 0.0000 0.0000 0.0000 0.0000 0.0000 0.0000 0.0000 0.0033 0.0000 0.0000 0.0000 0.0000 0.0000 0.0000 0.0000 0.0000
1.0000 0.3678 0.3532 0.3704 0.3679 0.3790 0.3660 0.3154 0.3798 0.3736 0.0000 0.0000 0.0000 0.0000 0.0000 0.0000 0.0018 0.0000 0.0000 0.0000 0.0000 0.3393 0.4096 0.3426 0.3090 0.3230 0.3728 0.3824 0.3844 0.3840 0.3825 0.3596 0.3413 0.4000 0.3507 0.3153 0.2268 0.1814 0.1750 0.2257 0.2020 0.2005 0.2261 0.2384 0.1939 0.2340 0.2750 0.1275 0.1404 0.1036 0.2350 0.0952 0.1050 0.1212 0.0958 0.0513 0.0000 0.0000 0.0000 0.0013 0.0000
1.0000 0.5021 0.5417 0.5000 0.4970 0.5436 0.4915 0.4712 0.5153 0.5179 0.0000 0.0000 0.0000 0.0000 0.0000 0.0000 0.0000 0.0000 0.0000 0.0000 0.0000 0.5143 0.4667 0.4533 0.5727 0.5124 0.5019 0.4648 0.4609 0.4569 0.4605 0.4485 0.4933 0.4828 0.5644 0.4946 0.0443 0.1057 0.0813 0.0723 0.0969 0.0974 0.0678 0.0508 0.0677 0.0410 0.0952 0.4405 0.4272 0.3856 0.7802 0.4043 0.3300 0.3607 0.2468 0.0000 0.0000 0.0000 0.0000 0.0000 0.0000
1.0000 0.4769 0.4854 0.5535 0.5000 0.4950 0.5583 0.4737 0.4978 0.3800 0.0000 0.0000 0.0000 0.0000 0.0000 0.0000 0.0000 0.0000 0.0000 0.0000 0.0000 0.4713 0.4724 0.5276 0.4351 0.4541 0.5072 0.4862 0.4597 0.4414 0.4875 0.5118 0.5602 0.5726 0.5060 0.5000 0.0040 0.0076 0.0078 0.0000 0.0119 0.0121 0.0000 0.0157 0.0034 0.0000 0.0000 0.4524 0.4909 0.4937 1.0000 0.5260 0.5045 0.5304 0.3600 0.4286 0.0000 0.0000 0.0038 0.0029 0.0000
1.0000 0.4346 0.5556 0.5046 0.5459 0.5205 0.5032 0.4878 0.4895 0.4182 0.0000 0.0000 0.0041 0.0000 0.0000 0.0000 0.0000 0.0000 0.0000 0.0000 0.0000 0.4919 0.4505 0.5084 0.5540 0.4877 0.5047 0.4958 0.4351 0.5031 0.4938 0.5307 0.4748 0.5061 0.5091 0.4571 0.0000 0.0000 0.0000 0.0045 0.0000 0.0000 0.0000 0.0047 0.0000 0.0031 0.0000 0.5288 0.5000 0.4642 0.9730 0.4344 0.4799 0.5299 0.3660 0.3571 0.0035 0.0000 0.0000 0.0000 0.0000
1.0000 0.4669 0.5118 0.5043 0.4596 0.4855 0.4088 0.5312 0.4015 0.4776 0.0000 0.0000 0.0040 0.0000 0.0000 0.0000 0.0000 0.0000 0.0000 0.0000 0.0000 0.5064 0.4965 0.4864 0.5420 0.4318 0.5132 0.5280 0.3966 0.5035 0.4222 0.4837 0.4970 0.4422 0.5000 0.5091 0.0325 0.0235 0.0110 0.0385 0.0332 0.0335 0.0301 0.0297 0.0466 0.0237 0.0222 0.4796 0.3984 0.4141 0.8972 0.4027 0.4337 0.4348 0.2794 0.3636 0.0030 0.0000 0.0000 0.0000 0.0000
1.0000 0.5049 0.5164 0.4774 0.4069 0.4282 0.4805 0.4624 0.4494 0.5393 0.0000 0.0000 0.0000 0.0000 0.0000 0.0000 0.0000 0.0000 0.0000 0.0000 0.0000 0.5194 0.5055 0.4893 0.4906 0.4250 0.4769 0.4406 0.5419 0.4419 0.4808 0.5072 0.4680 0.4245 0.4948 0.4918 0.0000 0.0000 0.0000 0.0000 0.0000 0.0000 0.0000 0.0000 0.0000 0.0027 0.0000 0.4961 0.5360 0.5087 1.0000 0.4904 0.4734 0.4815 0.3480 0.1500 0.0026 0.0000 0.0000 0.0000 0.0000
1.0000 0.5331 0.4918 0.4516 0.4569 0.4814 0.4641 0.4408 0.5312 0.4848 0.0000 0.0000 0.0000 0.0000 0.0052 0.0000 0.0000 0.0000 0.0000 0.0000 0.0000 0.5045 0.5079 0.4765 0.5156 0.4679 0.4744 0.4493 0.3929 0.4444 0.4200 0.4674 0.4759 0.5407 0.4585 0.5052 0.4511 0.4598 0.4714 0.4975 0.5362 0.5342 0.5233 0.4721 0.4870 0.4257 0.4675 0.0180 0.0093 0.0066 0.0517 0.0172 0.0356 0.0078 0.0118 0.0000 0.0000 0.0000 0.0000 0.0000 0.0000
1.0000 0.5385 0.4692 0.4715 0.4592 0.4944 0.5081 0.5075 0.4842 0.3523 0.0000 0.0031 0.0000 0.0000 0.0000 0.0000 0.0000 0.0000 0.0000 0.0000 0.0000 0.4917 0.5616 0.5268 0.5028 0.5113 0.4797 0.4498 0.4828 0.5205 0.4842 0.4436 0.5055 0.4634 0.4938 0.4891 0.0215 0.0183 0.0160 0.0116 0.0081 0.0080 0.0164 0.0042 0.0088 0.0161 0.0174 0.4779 0.5484 0.4605 0.9624 0.4940 0.4688 0.4813 0.3070 0.2000 0.0079 0.0000 0.0000 0.0000 0.0000
1.0000 0.5082 0.4576 0.5696 0.4570 0.4318 0.3973 0.4065 0.4815 0.4918 0.0027 0.0000 0.0037 0.0000 0.0000 0.0000 0.0000 0.0000 0.0027 0.0000 0.0066 0.5373 0.5050 0.5133 0.5127 0.4768 0.4886 0.4810 0.1218 0.1489 0.1753 0.1020 0.0946 0.1241 0.1133 0.0815 0.0000 0.0061 0.0000 0.0076 0.0000 0.0000 0.0000 0.0000 0.0000 0.0000 0.0139 0.0000 0.0000 0.0000 0.0000 0.0000 0.0000 0.0000 0.0000 0.0000 0.0026 0.0000 0.0000 0.0000 0.0000
1.0000 0.4762 0.5109 0.4766 0.4713 0.4874 0.5185 0.4549 0.4778 0.4925 0.0000 0.0000 0.0000 0.0000 0.0000 0.0045 0.0000 0.0000 0.0000 0.0000 0.0000 0.4727 0.4927 0.4805 0.4731 0.4891 0.5587 0.5267 0.3353 0.3333 0.3656 0.2960 0.3107 0.3103 0.3301 0.0917 0.0000 0.0000 0.0000 0.0000 0.0000 0.0000 0.0000 0.0000 0.0000 0.0000 0.0000 0.0080 0.0000 0.0000 0.0082 0.0000 0.0000 0.0000 0.0000 0.0000 0.0000 0.0000 0.0000 0.0000 0.0000
1.0000 0.5583 0.4985 0.4720 0.4023 0.4785 0.4718 0.4622 0.5191 0.4035 0.0031 0.0000 0.0000 0.0045 0.0000 0.0062 0.0000 0.0000 0.0000 0.0000 0.0038 0.5622 0.4850 0.5495 0.4545 0.4877 0.4695 0.4352 0.4205 0.4615 0.3656 0.4174 0.3517 0.3897 0.3923 0.4118 0.0000 0.0000 0.0000 0.0000 0.0000 0.0000 0.0000 0.0000 0.0000 0.0000 0.0000 0.0000 0.0000 0.0000 0.0000 0.0000 0.0000 0.0000 0.0000 0.0000 0.0000 0.0000 0.0000 0.0025 0.0000
1.0000 0.5387 0.4784 0.4415 0.5161 0.5104 0.4640 0.5191 0.4978 0.4627 0.0000 0.0000 0.0000 0.0000 0.0000 0.0000 0.0031 0.0000 0.0000 0.0000 0.0000 0.4589 0.4597 0.4754 0.5414 0.5104 0.5164 0.4359 0.2273 0.2370 0.2394 0.2673 0.2893 0.3524 0.2708 0.1905 0.0000 0.0000 0.0000 0.0000 0.0000 0.0000 0.0000 0.0000 0.0000 0.0000 0.0000 0.0000 0.0000 0.0000 0.0000 0.0000 0.0000 0.0090 0.0000 0.0000 0.0030 0.0000 0.0000 0.0000 0.0000
1.0000 0.5212 0.5249 0.5272 0.4945 0.5064 0.5175 0.4415 0.5180 0.3939 0.0000 0.0000 0.0000 0.0000 0.0000 0.0000 0.0000 0.0000 0.0000 0.0000 0.0000 0.4629 0.4421 0.4535 0.5645 0.4634 0.4854 0.4703 0.1214 0.2015 0.1386 0.1439 0.1311 0.1721 0.1644 0.0000 0.0000 0.0000 0.0000 0.0000 0.0000 0.0000 0.0000 0.0000 0.0000 0.0000 0.0000 0.0000 0.0000 0.0000 0.0000 0.0000 0.0000 0.0000 0.0000 0.0000 0.0000 0.0000 0.0000 0.0000 0.0000
