446 343 669 257 532 397 414 386 432 622 495 327 347 325 583 262 201 515 439 438 231 482 394 464 409 439 364 531 318 215 135 523 556 324 439 276 409 399 487 547 658 440 246 470 244 215 490 581 531 535 373 514 197 570 266 165 562 579 584 175 237 175
283 195 335 180 331 247 315 262 255 377 366 153 276 245 344 111 120 232 247 245 129 329 211 333 14 269 209 334 161 183 105 367 359 203 275 175 202 247 326 334 425 222 149 272 148 144 248 400 370 357 280 376 166 421 168 74 342 326 324 106 128 130
336 159 384 156 305 303 344 278 295 424 409 164 245 230 343 126 116 276 226 225 156 404 237 305 17 345 238 315 157 137 102 356 340 219 325 213 178 282 419 427 504 351 137 335 188 132 332 496 401 392 278 495 154 456 155 63 445 365 353 89 154 136
373 200 421 173 331 313 409 311 356 478 441 204 306 301 407 154 133 326 291 291 172 420 264 406 16 352 286 359 196 227 130 411 377 242 361 210 228 344 430 451 566 338 169 332 210 146 386 531 406 517 311 540 178 505 190 86 443 405 385 98 166 145
344 216 417 223 354 290 378 289 333 472 424 171 280 298 390 151 124 273 322 322 163 379 244 368 23 327 244 387 226 217 146 383 418 280 296 207 241 291 405 377 507 317 189 364 171 140 349 461 451 425 315 484 166 466 182 77 426 374 379 107 157 140
235 146 296 134 257 228 245 189 232 314 278 128 200 191 297 80 103 219 172 171 105 315 182 274 7 244 168 251 116 111 75 281 273 172 258 191 166 234 290 265 397 256 125 257 150 121 267 341 313 331 196 346 126 342 118 56 314 284 249 74 115 114
208 162 278 144 228 226 227 182 213 271 273 127 189 191 287 93 88 181 217 215 96 225 162 275 20 209 172 237 130 133 87 257 238 146 240 129 163 159 229 231 326 179 116 244 131 82 206 302 263 262 194 258 100 326 111 49 253 238 248 67 104 90
77 79 127 48 121 93 93 85 101 119 103 45 78 80 131 43 40 64 79 78 46 114 77 115 2 75 52 97 58 55 41 95 123 64 93 54 70 76 116 115 173 88 52 96 61 42 148 131 143 111 72 148 52 164 48 32 205 107 90 27 65 59
295 171 369 165 255 270 314 252 304 353 345 155 229 208 304 125 123 267 220 220 135 359 202 334 18 289 208 309 190 150 100 314 302 213 341 210 187 268 385 360 491 274 142 304 178 131 341 405 352 380 232 436 122 424 159 64 392 353 315 89 116 123
145 79 158 68 131 140 144 123 133 178 159 78 107 93 118 57 44 117 93 91 61 161 97 137 4 127 107 124 70 62 41 164 127 84 132 80 100 126 173 170 225 137 63 115 70 75 169 209 161 167 102 189 74 173 70 30 239 159 131 30 76 49
247 186 287 150 232 235 271 179 235 347 277 121 213 191 298 98 105 212 183 178 110 292 175 272 20 240 172 255 142 136 77 302 260 185 222 161 171 209 297 267 382 227 115 227 128 91 257 372 281 299 227 339 123 326 154 55 288 295 251 71 121 91
239 148 310 163 256 246 291 188 272 358 322 127 217 216 309 112 101 231 191 193 99 299 180 280 18 217 196 266 154 148 87 297 267 179 238 158 165 197 334 312 371 250 128 288 164 107 237 374 332 316 231 349 124 376 155 72 307 332 270 72 106 127
250 151 299 119 215 235 286 231 250 346 293 121 215 213 269 97 109 221 236 238 116 302 184 287 5 249 173 260 160 151 83 310 305 172 268 194 156 233 292 267 406 252 131 234 102 109 248 378 355 346 222 341 123 390 111 65 326 312 305 61 117 93
463 397 642 240 547 363 503 381 442 586 456 350 375 371 591 306 222 575 396 394 285 502 441 528 409 376 448 504 346 263 183 513 524 405 418 260 511 411 525 554 758 421 264 484 265 272 466 624 501 577 366 541 220 586 288 182 523 764 540 160 217 239
203 123 261 123 220 204 235 166 225 312 272 87 161 191 238 84 93 182 196 195 103 236 141 257 9 210 175 225 115 116 76 236 203 169 242 159 141 197 241 226 359 213 122 213 118 83 240 310 235 268 196 294 116 282 110 56 261 244 225 63 91 96
250 132 297 128 223 221 260 188 251 309 297 132 173 171 283 84 82 215 168 165 110 237 173 265 7 254 174 216 124 145 80 241 224 150 229 153 144 191 303 304 341 218 115 236 120 95 280 297 250 281 229 335 117 333 131 50 276 242 254 70 82 112
280 166 324 140 254 243 260 221 275 369 309 138 217 205 283 104 105 216 217 219 128 321 221 266 14 273 246 278 154 159 81 334 273 185 285 173 194 212 317 310 389 238 134 277 157 100 265 362 265 319 237 364 164 391 139 55 321 300 297 80 111 111
308 213 373 182 307 249 302 234 276 422 399 140 249 224 328 98 110 230 241 239 128 326 221 330 11 288 233 332 179 141 90 332 309 235 264 175 200 236 311 306 465 250 138 289 159 99 309 451 272 295 259 370 147 416 131 67 341 328 294 90 107 101
315 160 389 171 284 262 307 260 287 428 347 173 242 266 387 127 122 266 284 284 125 344 208 349 20 273 258 344 179 172 104 340 357 204 320 203 220 266 376 362 473 261 135 302 154 120 306 432 319 365 316 429 139 419 159 89 346 350 374 101 129 151
266 174 296 140 247 200 272 197 253 368 368 120 220 211 284 111 97 217 235 234 107 301 174 298 13 254 220 290 140 153 100 279 281 197 265 192 172 197 295 265 404 207 128 261 153 113 256 347 340 303 224 335 135 415 128 66 312 279 277 77 116 102
326 219 411 188 321 271 325 258 322 454 399 171 281 268 381 136 137 263 248 249 155 367 249 338 10 333 240 362 203 171 95 366 337 233 311 218 210 239 358 354 426 289 160 361 185 122 289 452 329 372 285 425 164 442 181 88 394 394 355 115 133 138
314 163 366 157 322 269 305 262 300 413 353 161 254 246 390 109 135 230 257 256 143 380 222 314 20 299 255 296 197 141 97 389 340 221 302 225 211 252 352 346 461 289 141 304 146 124 286 466 389 349 270 432 145 425 158 61 395 371 339 72 130 131
286 211 374 174 312 225 315 237 306 411 375 140 244 233 340 125 120 235 247 251 123 347 214 364 15 274 256 354 173 174 93 362 374 244 321 190 222 221 357 344 453 281 161 291 162 113 301 419 366 382 270 406 174 424 167 67 358 367 308 82 122 128
263 165 320 162 257 222 283 209 260 339 321 151 223 225 328 118 119 214 210 211 123 313 191 299 23 233 201 290 176 143 93 273 296 174 244 153 162 209 303 340 396 216 141 266 142 91 257 391 313 364 235 288 136 340 165 57 328 307 273 69 104 105
229 159 292 115 256 225 271 215 240 324 333 129 206 235 332 104 105 188 237 237 110 297 208 311 17 248 207 280 154 135 71 323 278 186 241 165 176 199 288 327 397 234 111 231 125 105 209 349 284 302 225 351 105 354 133 67 275 321 284 61 99 97
225 164 304 137 216 201 259 214 219 301 271 126 200 188 301 102 105 184 211 210 119 280 174 272 12 233 175 267 140 134 101 264 236 182 246 147 168 195 312 310 373 219 111 220 114 79 255 391 308 292 222 319 122 367 124 66 274 300 258 67 101 98
