0 0 0 0 1 25 0 190 0 0 1 81 2 0 0 0 0 1 0 2 0 0 17 0 34 2 0 0 0 0 0 0 0 2 0 0 0 0 0 2 0 0 0 0 0 0 86 0 0 0 1 0 0 0 1 9 0 1 0 2 2 1 1 1 0 0 0 21 0 37 0
0 0 0 0 0 47 0 117 0 0 0 85 0 0 0 0 0 0 0 0 0 0 0 0 32 0 0 0 0 0 0 0 0 0 0 0 0 0 0 0 0 0 0 0 0 0 77 0 0 0 0 0 0 0 0 1 0 0 0 0 0 0 0 0 0 0 0 28 0 15 0
0 0 0 0 0 10 0 139 0 0 0 23 0 0 0 0 0 0 0 0 0 0 0 0 141 0 1 0 0 0 0 0 0 0 0 0 0 0 0 0 0 0 0 0 0 0 12 0 0 0 0 0 0 0 0 0 0 0 0 0 0 0 0 0 0 0 0 5 0 8 0
0 0 0 0 0 11 0 129 1 0 0 45 0 0 0 0 0 0 0 1 0 0 0 0 104 0 0 0 0 0 0 0 0 0 0 0 1 0 0 0 0 0 0 0 0 0 32 0 0 0 0 0 0 0 0 0 0 0 0 0 0 0 1 0 0 0 0 12 0 12 0
0 0 0 0 0 47 0 130 0 0 0 99 0 0 0 0 0 0 0 0 0 0 0 0 13 0 0 0 0 0 0 0 0 0 0 0 1 0 0 0 0 0 0 0 0 0 100 0 0 0 0 0 0 0 0 1 0 0 0 0 0 0 0 0 0 0 0 33 0 41 0
0 0 0 0 0 50 0 129 2 0 0 116 0 3 0 0 0 0 0 0 0 0 0 0 31 0 0 0 0 0 0 0 0 0 0 0 1 0 0 0 0 0 0 0 0 0 99 0 0 0 1 1 0 0 0 0 0 1 0 0 0 0 0 0 0 0 0 50 0 24 0
0 0 0 0 0 47 0 150 0 0 0 104 0 0 0 0 0 0 0 0 0 0 0 0 37 0 0 0 0 0 0 0 0 0 0 0 1 0 0 0 0 0 0 0 0 0 107 0 0 0 0 0 0 0 0 7 0 0 0 0 0 0 0 1 0 0 0 29 0 31 0
0 0 0 0 0 61 0 147 0 0 0 138 0 0 0 0 0 0 0 0 0 0 0 0 2 1 0 0 0 0 0 0 0 0 0 0 1 0 0 0 0 0 0 0 0 0 114 0 0 0 0 0 0 0 0 0 0 0 0 0 0 0 0 0 0 0 0 49 0 41 0
0 0 0 0 0 2 0 142 0 0 0 4 0 0 0 0 0 0 0 0 0 0 0 0 4 0 0 0 0 0 0 0 0 0 0 0 1 0 0 0 0 0 0 0 0 0 2 0 0 0 0 0 0 0 0 125 0 1 0 0 0 0 0 0 0 0 0 0 0 0 0
0 0 0 0 0 71 0 119 0 0 0 133 0 0 0 0 0 0 0 0 0 0 0 0 0 0 0 0 0 0 0 0 0 0 0 0 0 0 0 0 0 0 0 0 0 0 101 0 0 0 0 0 1 0 0 0 0 0 0 0 0 0 0 0 0 0 0 30 0 28 0
0 0 0 0 0 43 0 117 0 0 0 140 0 0 0 0 0 0 0 0 0 0 0 1 0 0 0 0 0 0 0 0 0 0 0 0 0 0 0 0 0 0 0 0 0 0 114 0 0 0 0 0 0 0 0 6 0 0 0 0 0 0 0 1 0 0 0 35 0 28 0
0 0 0 0 1 2 0 138 0 0 0 4 0 0 0 0 0 0 0 0 0 0 0 0 172 0 1 0 0 0 0 0 0 0 0 0 0 0 0 0 0 0 0 0 0 0 5 0 0 0 0 0 0 0 0 0 0 2 0 0 0 0 0 1 0 1 0 0 0 1 0
0 0 0 0 1 40 0 125 0 0 0 134 0 1 0 0 0 0 0 0 0 0 0 0 4 0 0 0 0 0 0 0 0 0 0 0 0 0 1 0 0 0 0 0 0 0 88 0 0 0 0 0 0 0 0 6 0 0 0 0 0 0 0 0 0 0 0 32 1 36 0
0 0 0 0 0 0 0 125 0 0 0 0 0 0 0 0 0 0 0 0 0 1 0 0 145 0 0 0 0 0 0 1 0 0 0 0 2 0 0 0 0 0 0 0 0 0 2 0 0 0 0 0 0 0 0 0 0 0 0 0 0 0 0 0 0 0 0 0 0 0 0
0 0 0 0 0 59 0 115 0 0 0 120 0 0 0 0 0 0 0 0 0 0 0 0 0 0 0 0 0 0 0 0 0 0 0 0 0 0 0 0 0 0 0 0 0 0 95 0 0 0 0 0 0 0 0 0 0 1 0 0 0 0 0 0 0 0 0 40 0 29 0
0 0 0 0 0 48 0 128 0 0 0 113 0 1 0 0 0 0 0 0 0 0 0 1 1 0 0 0 0 0 0 0 0 0 0 1 0 0 0 0 0 0 0 0 0 0 125 0 0 0 0 0 0 0 0 0 0 0 0 0 0 0 0 1 0 0 0 48 0 27 0
0 0 0 0 2 0 0 141 0 0 0 0 0 0 0 0 0 0 0 0 0 0 0 0 0 0 0 0 0 0 0 0 0 0 0 0 0 0 0 0 0 0 0 0 0 0 1 0 0 0 0 0 0 0 0 0 0 1 0 0 0 0 0 1 0 0 0 0 0 0 0
0 113 0 141 193 1 0 227 0 0 238 1 126 0 0 0 139 0 0 1 0 0 1 2 0 0 40 0 6 0 0 44 0 365 2 1 246 0 1 83 1 0 0 0 65 0 0 0 0 186 207 0 1 230 0 0 2 199 0 0 404 113 1 0 355 0 0 0 1 1 0
0 0 0 0 0 56 0 118 0 0 0 67 0 0 0 0 0 0 0 0 0 0 0 1 42 0 0 0 0 0 0 0 0 0 0 0 0 0 0 0 0 0 0 0 0 0 65 0 0 0 0 0 0 0 0 1 0 0 0 0 0 0 0 0 1 0 0 56 1 94 0
0 0 0 0 0 31 0 178 0 1 0 26 0 0 0 0 0 0 0 0 0 0 0 0 170 0 0 0 0 0 0 1 0 0 0 0 1 0 0 0 0 0 0 0 0 0 23 0 0 0 1 0 0 0 0 0 0 0 0 0 0 0 0 0 0 1 0 23 0 23 0
0 0 0 0 0 43 0 186 0 0 0 11 0 0 0 0 0 0 0 0 0 0 0 2 113 0 1 0 0 0 0 1 0 0 0 0 0 0 0 0 0 0 0 0 0 2 21 0 1 0 0 0 1 0 0 0 0 0 0 0 0 0 0 0 0 0 0 49 0 57 0
0 0 0 0 0 139 0 288 0 0 0 39 0 0 0 0 0 0 0 0 0 0 0 0 7 0 1 0 0 0 0 0 0 0 0 0 1 0 0 0 0 0 0 0 0 0 69 0 0 0 0 0 1 0 0 0 0 0 0 0 0 0 0 0 0 0 0 157 0 155 0
0 0 0 0 0 51 0 95 0 0 0 40 0 0 0 0 1 0 0 0 0 0 0 0 12 0 0 0 0 1 0 0 0 0 0 0 0 0 0 0 0 0 0 0 0 0 41 0 0 0 0 0 0 0 0 0 0 0 0 0 0 0 0 0 0 0 0 70 0 70 0
0 0 0 0 0 50 0 149 0 0 0 132 0 0 0 0 0 0 0 0 0 0 1 0 36 0 0 0 0 0 0 1 0 0 0 0 0 0 0 0 0 0 0 0 0 0 86 0 0 0 0 0 0 0 0 3 0 0 0 0 0 0 0 0 0 1 0 42 0 24 0
0 0 0 0 0 70 0 164 0 0 0 12 0 0 0 0 0 0 0 0 0 0 0 1 2 0 0 0 0 0 0 0 0 0 0 0 0 0 0 0 0 0 0 0 0 0 26 1 0 0 0 0 0 0 0 0 0 0 0 0 0 2 0 0 0 0 0 107 0 95 0
0 0 0 0 0 1 0 196 0 0 0 4 0 0 0 0 0 0 0 0 0 0 0 1 1 0 0 0 0 0 0 0 0 0 0 0 0 0 0 0 0 0 0 0 0 0 1 0 0 0 0 0 1 0 0 125 0 0 0 0 0 0 0 0 0 0 0 2 0 1 0
0 0 0 0 0 98 0 211 0 0 1 22 0 1 0 0 0 0 0 0 1 0 0 0 0 0 0 0 0 0 0 1 0 0 0 0 0 0 0 0 0 0 0 0 0 0 54 1 0 0 0 0 0 0 0 0 0 0 0 0 0 0 0 0 0 0 2 97 0 84 0
0 0 0 0 0 84 0 156 0 0 1 149 0 0 0 0 0 0 0 0 0 0 0 0 0 0 1 0 0 0 0 1 0 0 0 0 0 0 0 0 0 0 0 0 0 0 138 0 0 0 0 0 0 0 0 3 0 0 0 0 0 0 0 0 0 0 0 43 0 47 0
0 0 0 0 0 11 0 286 0 0 0 1 0 1 0 1 1 0 0 0 0 0 0 2 238 0 0 0 0 0 0 0 1 0 0 0 0 0 0 0 0 0 0 0 0 0 7 0 0 0 0 0 0 0 0 0 0 0 0 0 0 0 0 0 0 0 0 18 0 14 0
0 0 0 0 0 129 0 261 0 0 0 48 0 0 0 0 0 0 0 0 0 0 0 0 3 0 0 0 0 0 0 0 0 0 0 0 0 0 1 0 0 0 0 0 0 0 87 0 0 0 0 0 0 0 0 1 0 0 0 0 0 1 0 0 0 0 0 107 1 100 0
0 0 0 0 0 0 0 275 0 0 0 0 0 0 0 0 0 0 0 0 0 0 0 1 272 0 0 0 0 0 0 0 0 0 0 0 0 0 0 0 0 0 0 0 0 0 1 1 0 0 0 0 0 0 0 0 0 0 0 0 0 0 0 0 0 0 0 0 2 0 0
0 0 0 0 1 74 0 135 0 0 0 143 0 0 0 0 0 0 0 0 0 0 0 0 0 0 0 0 0 0 0 0 0 0 0 0 0 0 0 0 0 0 0 0 0 0 116 0 0 0 0 0 0 0 0 0 0 0 0 0 0 0 0 0 0 0 0 40 0 39 0
0 0 0 0 0 0 0 125 0 1 0 0 0 0 0 0 0 0 0 0 0 0 0 0 0 0 0 0 0 0 0 0 0 0 0 0 0 0 0 0 0 0 0 0 0 0 0 0 0 0 0 0 0 0 0 0 0 0 0 0 0 0 0 0 0 0 0 0 0 0 0
