135 284 511 329 502 147 380 406 230 183 486 438 350 352 577 231 319 226 229 566 169 346 372 416 605 531 80 347 404 39 42 98 544 961 493 542 477 435 491 237 328 154 333 277 224 82 407 467 457 341 490 550 305 434 478 421 218 404 465 325 956 361 522 588 626 496 35 109 89 166 185
114 229 227 280 316 141 304 245 223 159 356 252 221 214 344 150 311 109 143 306 95 198 257 284 304 205 76 282 236 36 38 86 228 282 186 200 387 284 317 139 214 100 169 188 238 66 248 228 278 230 312 296 253 188 299 307 104 252 225 228 271 223 227 259 345 300 37 97 67 60 168
148 255 227 330 320 157 286 296 227 104 329 317 215 227 337 172 298 128 143 297 100 229 302 291 324 265 80 286 247 32 34 86 234 321 232 205 376 279 304 161 263 98 169 186 266 67 229 230 305 198 306 329 269 215 287 343 116 259 271 230 289 214 203 297 347 279 44 102 66 73 182
114 261 247 307 298 130 276 248 191 116 330 272 188 217 319 166 253 93 139 314 95 220 244 322 289 240 78 267 201 33 34 92 177 279 175 207 351 231 324 133 220 127 176 178 229 60 222 216 281 191 277 292 256 242 261 292 99 252 236 193 257 183 185 261 340 267 42 109 64 85 164
112 204 231 288 297 129 251 247 204 116 268 249 205 233 283 137 273 114 143 272 100 211 261 284 296 270 85 250 226 30 31 97 208 325 176 173 377 278 331 132 243 100 173 203 221 56 221 252 272 192 305 311 213 232 281 328 96 270 240 221 273 207 184 259 324 295 20 92 63 81 156
106 224 226 304 279 128 275 225 201 106 273 252 200 227 310 163 273 101 148 279 89 215 271 301 271 231 74 227 222 26 28 83 213 324 214 194 361 226 284 107 235 105 175 187 233 63 222 213 287 218 264 269 225 202 275 300 104 268 248 183 249 175 197 234 348 285 18 103 73 66 155
127 256 242 293 318 126 276 299 228 126 328 278 213 231 341 157 294 116 124 287 96 251 288 317 325 245 83 259 232 18 24 106 209 315 180 189 353 232 294 143 223 103 177 169 233 54 248 252 298 186 283 300 238 228 303 306 96 288 276 196 263 219 215 267 316 295 23 98 64 88 152
138 254 285 333 325 136 283 277 235 112 322 298 227 273 334 160 289 98 107 321 76 221 278 332 336 267 86 251 264 39 45 124 233 362 198 215 366 245 333 147 268 115 215 202 257 69 239 277 344 195 345 322 242 253 305 328 112 287 268 203 306 209 220 269 334 319 30 102 78 88 150
140 244 267 342 332 152 327 284 232 130 340 321 246 261 357 185 304 132 183 305 114 256 307 349 316 312 107 320 240 43 49 130 245 327 219 252 376 311 338 141 271 109 198 180 244 55 230 275 347 227 310 319 243 254 292 328 107 337 266 245 299 203 241 314 379 328 37 114 75 84 179
110 182 195 243 292 131 198 239 179 110 270 235 209 209 280 132 265 93 127 229 70 172 238 255 262 200 55 239 180 35 50 70 188 251 159 200 310 209 303 109 208 81 151 151 218 53 207 211 245 182 268 278 198 186 247 283 74 212 225 166 253 161 195 256 291 255 36 91 64 51 135
130 223 231 289 287 123 235 236 216 136 320 322 201 224 313 153 255 92 136 282 110 213 238 279 300 258 75 246 214 29 38 87 207 307 191 184 358 261 285 124 225 104 180 186 214 55 253 224 285 187 303 307 227 197 293 291 99 291 234 209 268 232 170 284 341 303 26 93 57 58 151
165 235 259 367 386 143 294 267 257 147 363 276 245 274 356 184 324 136 170 364 112 225 306 357 339 290 88 274 252 44 51 132 237 368 238 249 411 295 370 164 291 140 216 223 267 86 235 266 327 197 353 348 252 235 314 373 145 324 274 252 293 234 188 334 377 354 31 109 88 88 192
114 226 216 287 277 115 264 247 187 109 318 278 184 197 305 137 264 81 125 266 94 196 268 268 293 239 74 235 196 36 37 102 196 272 187 169 335 236 281 125 198 86 160 188 185 55 212 201 259 197 259 290 201 201 239 279 125 243 251 169 244 181 177 263 305 252 19 86 49 67 173
109 222 263 313 300 133 283 250 222 121 328 257 202 212 318 150 303 105 122 269 85 230 244 264 313 237 86 229 219 20 21 108 195 273 195 222 331 252 274 124 201 90 181 178 225 65 231 243 313 162 290 283 257 220 292 315 85 287 210 207 257 173 227 287 315 284 26 93 62 66 144
127 230 195 318 297 117 235 241 193 125 263 237 183 212 292 130 254 106 121 269 89 225 223 273 270 249 82 206 194 19 23 106 198 284 153 186 317 222 310 118 212 98 188 160 214 53 186 216 263 146 285 255 209 208 237 246 72 225 221 222 249 173 183 273 299 247 15 80 66 64 139
131 223 257 324 318 104 270 259 180 123 315 267 219 207 295 187 295 105 141 296 84 249 247 350 319 251 78 253 234 30 34 77 208 301 178 196 325 294 310 138 237 97 176 189 238 69 210 255 280 180 291 331 230 210 265 297 106 258 269 212 239 226 216 267 347 305 33 91 63 69 162
114 247 257 357 322 156 292 283 268 142 324 295 227 244 342 170 299 128 143 312 109 231 285 310 327 272 83 296 235 26 31 101 247 351 221 201 346 269 334 138 232 115 194 197 247 69 256 259 305 190 324 333 284 256 332 335 112 294 265 236 292 206 221 287 429 281 28 109 73 89 163
172 335 672 336 482 189 402 454 222 207 503 587 299 403 665 263 277 283 216 726 168 386 492 439 827 646 87 431 543 51 51 91 673 840 552 661 517 567 587 184 387 196 358 286 232 98 446 598 529 374 490 660 392 486 579 526 225 454 521 391 915 289 534 695 718 518 49 143 92 333 236
117 174 304 497 293 149 309 216 151 94 235 202 167 254 247 118 311 119 197 230 127 187 214 294 322 189 136 230 193 84 100 217 171 297 171 294 582 246 264 158 452 185 329 177 196 204 167 275 296 143 232 212 313 198 220 218 93 236 218 307 269 311 148 229 347 365 93 194 206 266 182
88 133 394 603 489 198 495 370 168 108 338 183 150 307 197 181 610 128 205 261 135 172 301 439 463 156 168 353 139 60 66 219 322 376 195 222 646 276 255 164 561 225 435 292 221 212 200 573 658 148 235 168 425 166 200 302 109 214 388 449 392 495 140 314 336 523 74 220 180 175 248
43 48 436 873 533 205 794 352 98 67 205 55 79 440 65 190 787 156 277 188 143 89 225 502 526 43 226 302 87 82 88 428 367 407 75 187 729 233 127 212 785 334 494 317 130 281 82 753 874 45 98 56 613 85 57 216 59 100 457 586 476 748 57 215 256 609 164 273 311 258 248
62 57 387 743 843 316 952 576 165 153 740 87 94 483 64 327 762 205 321 319 198 237 474 520 533 61 261 422 94 81 83 345 628 652 231 253 586 290 202 283 752 320 617 575 306 216 136 905 999 93 224 69 784 111 89 397 212 228 481 688 561 770 73 251 288 606 153 352 257 291 212
39 60 299 577 324 119 389 189 88 57 163 79 61 283 91 105 550 91 173 152 101 85 168 356 340 75 143 201 73 31 40 226 210 282 90 160 552 159 121 117 480 207 354 174 100 173 73 402 488 73 106 89 367 109 88 167 42 104 271 388 305 467 71 179 192 455 64 170 185 150 160
134 231 279 331 335 146 337 298 219 135 344 337 212 221 362 159 308 95 133 309 99 231 317 381 328 269 76 261 251 38 39 117 223 317 241 215 405 282 390 145 249 110 196 167 268 56 255 230 347 210 365 340 275 249 325 328 125 276 286 210 321 199 219 317 398 317 45 114 65 71 177
21 13 334 713 496 152 643 376 77 48 195 26 33 380 34 160 674 87 188 119 142 65 226 442 397 31 186 273 30 64 67 266 412 397 43 142 549 189 72 172 669 265 468 251 77 222 57 716 861 19 67 30 557 75 31 152 57 49 435 490 411 800 35 156 214 569 129 233 240 194 164
72 94 250 503 598 306 652 378 189 167 676 122 97 330 104 263 445 173 266 321 164 234 407 329 401 110 156 308 117 57 70 187 463 470 259 214 453 296 249 209 422 176 360 387 299 130 186 578 644 137 252 127 476 109 108 337 209 293 355 433 412 518 107 243 267 412 83 240 160 191 186
59 49 364 686 632 233 713 454 123 115 408 37 69 444 51 214 679 131 253 225 160 157 381 394 501 37 191 374 76 63 68 266 465 493 146 168 543 241 165 196 637 279 447 392 162 218 114 709 854 57 189 43 616 103 61 342 110 145 469 598 465 692 44 210 283 549 114 241 204 207 240
159 271 256 363 343 158 319 311 251 141 407 344 241 250 394 173 339 111 165 334 105 279 309 375 356 314 93 297 262 52 51 111 241 363 238 222 386 324 364 155 241 123 190 193 292 59 276 261 371 232 348 404 260 308 346 360 128 329 282 247 337 241 223 341 417 372 35 97 74 83 183
42 42 369 739 797 302 863 551 141 132 569 39 57 462 66 317 761 158 288 236 166 159 437 449 546 29 226 426 76 68 84 305 564 610 153 209 560 263 155 238 725 305 538 472 208 215 118 837 984 59 171 41 731 95 81 310 142 152 461 720 506 816 45 215 299 633 138 359 222 272 221
86 92 379 726 690 273 771 507 203 150 555 96 96 424 126 274 707 174 270 274 180 222 448 475 540 82 208 425 90 72 76 284 546 542 175 244 571 275 212 219 635 266 433 401 301 207 193 787 875 98 242 85 662 149 105 330 159 218 478 540 504 666 80 240 276 537 92 253 209 198 226
80 59 444 721 736 323 856 557 158 151 530 51 70 448 59 272 698 151 273 273 185 180 431 454 554 54 254 421 100 47 60 317 595 632 198 216 656 277 145 239 768 305 504 464 241 198 139 915 994 75 177 61 715 113 67 333 107 177 501 682 588 816 68 278 294 655 100 337 205 254 239
169 228 272 345 325 140 288 268 229 129 362 314 275 228 373 178 322 110 151 307 124 223 299 339 318 322 88 281 287 32 39 97 251 356 257 205 399 299 353 157 244 109 209 204 245 65 277 244 342 205 353 359 250 283 320 369 117 282 242 231 325 221 226 313 352 314 31 97 65 88 178
47 44 180 382 449 211 475 285 106 131 442 77 69 236 69 153 359 106 163 180 127 166 264 237 307 71 116 245 78 33 45 136 323 374 167 150 329 160 163 143 314 140 261 285 190 110 92 423 498 78 159 63 308 67 79 266 100 181 256 295 284 364 47 146 183 305 55 161 110 120 119
