1.0000 0.4680 0.1701 0.1927 0.1849 0.2113 0.2229 0.0214 0.0562 0.0000 0.0000 0.0020 0.0021 0.0057 0.0000 0.0000 0.0021 0.0021 0.0000 0.0000 0.0000 0.0084 0.0000 0.0020 0.0000 0.0025 0.0028 0.0000
1.0000 0.4776 0.3333 0.2887 0.3373 0.3105 0.2500 0.0033 0.1053 0.0000 0.0000 0.0000 0.0000 0.0000 0.0000 0.0000 0.0000 0.0000 0.0000 0.0000 0.0000 0.0000 0.0000 0.0000 0.0000 0.0000 0.0000 0.0000
1.0000 0.4696 0.0637 0.0490 0.0726 0.0524 0.1096 0.0000 0.4352 0.0000 0.0000 0.0000 0.0000 0.0000 0.0000 0.0000 0.0000 0.0000 0.0125 0.0000 0.0000 0.0000 0.0000 0.0000 0.0000 0.0000 0.0000 0.0000
1.0000 0.5202 0.0846 0.1101 0.1654 0.1441 0.1412 0.0000 0.3599 0.0000 0.0000 0.0000 0.0000 0.0000 0.0000 0.0000 0.0000 0.0000 0.0000 0.0000 0.0028 0.0000 0.0000 0.0000 0.0000 0.0000 0.0000 0.0000
1.0000 0.5263 0.3643 0.3587 0.3976 0.4525 0.5062 0.0030 0.0439 0.0000 0.0000 0.0000 0.0000 0.0000 0.0000 0.0000 0.0000 0.0000 0.0000 0.0000 0.0027 0.0000 0.0000 0.0000 0.0000 0.0000 0.0000 0.0000
1.0000 0.5733 0.3906 0.4854 0.4603 0.4459 0.3636 0.0000 0.1144 0.0000 0.0000 0.0000 0.0000 0.0000 0.0000 0.0000 0.0000 0.0000 0.0000 0.0000 0.0028 0.0000 0.0000 0.0038 0.0000 0.0037 0.0000 0.0000
1.0000 0.5017 0.3730 0.2959 0.3741 0.4315 0.3523 0.0229 0.1138 0.0000 0.0000 0.0000 0.0000 0.0000 0.0000 0.0000 0.0000 0.0000 0.0000 0.0000 0.0028 0.0000 0.0000 0.0000 0.0000 0.0000 0.0000 0.0000
1.0000 0.5307 0.4485 0.4804 0.4631 0.4770 0.4659 0.0000 0.0060 0.0000 0.0000 0.0000 0.0000 0.0000 0.0000 0.0000 0.0000 0.0000 0.0000 0.0000 0.0027 0.0000 0.0000 0.0000 0.0000 0.0000 0.0000 0.0000
1.0000 0.5000 0.0132 0.0000 0.0125 0.0087 0.0000 0.3811 0.0127 0.0000 0.0000 0.0000 0.0000 0.0000 0.0000 0.0000 0.0000 0.0000 0.0000 0.0000 0.0027 0.0000 0.0000 0.0000 0.0000 0.0030 0.0000 0.0000
1.0000 0.4979 0.5420 0.3297 0.5660 0.4879 0.5490 0.0000 0.0000 0.0000 0.0000 0.0000 0.0000 0.0000 0.0000 0.0000 0.0000 0.0000 0.0000 0.0000 0.0000 0.0000 0.0000 0.0000 0.0000 0.0000 0.0000 0.0000
1.0000 0.4958 0.3496 0.3763 0.4348 0.4506 0.4828 0.0206 0.0000 0.0000 0.0000 0.0000 0.0000 0.0000 0.0000 0.0000 0.0000 0.0000 0.0000 0.0000 0.0000 0.0000 0.0000 0.0000 0.0000 0.0000 0.0000 0.0000
1.0000 0.5169 0.0140 0.0000 0.0145 0.0213 0.0114 0.0000 0.5074 0.0000 0.0000 0.0026 0.0000 0.0000 0.0000 0.0000 0.0000 0.0000 0.0114 0.0000 0.0000 0.0000 0.0000 0.0000 0.0000 0.0062 0.0000 0.0000
1.0000 0.5061 0.3478 0.3721 0.4820 0.4151 0.5373 0.0215 0.0137 0.0000 0.0000 0.0036 0.0000 0.0000 0.0000 0.0000 0.0000 0.0000 0.0000 0.0000 0.0000 0.0000 0.0000 0.0000 0.0000 0.0000 0.0000 0.0000
1.0000 0.5000 0.0000 0.0000 0.0000 0.0087 0.0000 0.0000 0.4633 0.0000 0.0000 0.0000 0.0000 0.0000 0.0000 0.0000 0.0000 0.0000 0.0000 0.0093 0.0060 0.0000 0.0000 0.0000 0.0000 0.0000 0.0000 0.0000
1.0000 0.4772 0.5043 0.5000 0.5063 0.5108 0.4531 0.0000 0.0000 0.0000 0.0000 0.0000 0.0000 0.0000 0.0000 0.0000 0.0000 0.0000 0.0000 0.0000 0.0000 0.0000 0.0000 0.0000 0.0000 0.0044 0.0000 0.0000
1.0000 0.4942 0.4615 0.5275 0.4232 0.5952 0.3913 0.0000 0.0031 0.0000 0.0000 0.0000 0.0000 0.0000 0.0000 0.0000 0.0000 0.0000 0.0000 0.0000 0.0000 0.0000 0.0000 0.0000 0.0000 0.0000 0.0000 0.0000
1.0000 0.4982 0.0000 0.0000 0.0000 0.0039 0.0000 0.0000 0.0000 0.0000 0.0000 0.0062 0.0000 0.0000 0.0000 0.0000 0.0000 0.0000 0.0000 0.0000 0.0000 0.0000 0.0000 0.0000 0.0000 0.0034 0.0000 0.0000
1.0000 0.5000 0.0053 0.0000 0.0017 0.0000 0.0030 0.0000 0.0000 0.3373 0.4196 0.4004 0.4732 0.4214 0.2802 0.5018 0.4345 0.4415 0.4598 0.4835 0.4758 0.4511 0.4973 0.4224 0.4733 0.4383 0.3910 0.4944
1.0000 0.5463 0.3758 0.2887 0.3317 0.3892 0.3534 0.0046 0.1304 0.0000 0.0000 0.0000 0.0000 0.0000 0.0000 0.0000 0.0000 0.0000 0.0000 0.0000 0.0000 0.0000 0.0000 0.0000 0.0000 0.0000 0.0000 0.0029
1.0000 0.4811 0.1566 0.1045 0.1421 0.1150 0.1314 0.0000 0.3672 0.0000 0.0000 0.0000 0.0000 0.0000 0.0000 0.0000 0.0000 0.0000 0.0000 0.0046 0.0015 0.0000 0.0000 0.0043 0.0000 0.0000 0.0000 0.0000
1.0000 0.5284 0.2098 0.1795 0.2000 0.2561 0.2209 0.0000 0.2148 0.0000 0.0000 0.0000 0.0000 0.0000 0.0000 0.0000 0.0000 0.0000 0.0044 0.0023 0.0000 0.0000 0.0000 0.0000 0.0000 0.0000 0.0000 0.0000
1.0000 0.5000 0.4399 0.4460 0.4483 0.5074 0.5326 0.0000 0.0131 0.0000 0.0000 0.0000 0.0000 0.0000 0.0000 0.0000 0.0000 0.0000 0.0038 0.0000 0.0017 0.0000 0.0000 0.0000 0.0000 0.0000 0.0000 0.0000
1.0000 0.5026 0.4286 0.4118 0.5063 0.5616 0.4667 0.0000 0.0353 0.0000 0.0000 0.0000 0.0000 0.0000 0.0000 0.0018 0.0000 0.0000 0.0000 0.0000 0.0000 0.0000 0.0000 0.0000 0.0000 0.0000 0.0000 0.0000
1.0000 0.5000 0.3425 0.3684 0.3917 0.3373 0.3380 0.0091 0.1098 0.0000 0.0000 0.0000 0.0000 0.0000 0.0000 0.0000 0.0000 0.0000 0.0000 0.0085 0.0000 0.0000 0.0000 0.0000 0.0000 0.0000 0.0000 0.0000
1.0000 0.4362 0.4605 0.4592 0.4615 0.4561 0.4897 0.0000 0.0050 0.0000 0.0000 0.0000 0.0000 0.0000 0.0000 0.0000 0.0000 0.0000 0.0000 0.0000 0.0000 0.0000 0.0000 0.0000 0.0000 0.0000 0.0025 0.0000
1.0000 0.5185 0.0033 0.0083 0.0328 0.0054 0.0052 0.3709 0.0025 0.0000 0.0000 0.0000 0.0000 0.0000 0.0000 0.0000 0.0000 0.0000 0.0000 0.0000 0.0000 0.0000 0.0000 0.0000 0.0000 0.0000 0.0000 0.0000
1.0000 0.4648 0.4206 0.4025 0.5946 0.4737 0.4058 0.0000 0.0000 0.0000 0.0000 0.0000 0.0025 0.0000 0.0000 0.0000 0.0000 0.0000 0.0000 0.0038 0.0000 0.0000 0.0000 0.0000 0.0000 0.0000 0.0000 0.0000
1.0000 0.5016 0.5316 0.4433 0.4331 0.5000 0.5663 0.0083 0.0000 0.0000 0.0000 0.0000 0.0025 0.0000 0.0000 0.0000 0.0000 0.0000 0.0108 0.0090 0.0000 0.0000 0.0000 0.0000 0.0000 0.0000 0.0000 0.0000
1.0000 0.5191 0.0364 0.0501 0.0256 0.0593 0.0515 0.0000 0.4359 0.0000 0.0000 0.0000 0.0000 0.0000 0.0000 0.0013 0.0000 0.0000 0.0000 0.0000 0.0000 0.0000 0.0000 0.0000 0.0000 0.0000 0.0000 0.0000
1.0000 0.5148 0.4725 0.4229 0.5000 0.4508 0.5051 0.0030 0.0056 0.0000 0.0000 0.0000 0.0000 0.0000 0.0000 0.0000 0.0000 0.0000 0.0000 0.0000 0.0000 0.0000 0.0000 0.0000 0.0000 0.0000 0.0015 0.0000
1.0000 0.4937 0.0000 0.0000 0.0000 0.0072 0.0000 0.0000 0.4910 0.0000 0.0000 0.0000 0.0000 0.0000 0.0000 0.0000 0.0000 0.0000 0.0000 0.0000 0.0000 0.0000 0.0000 0.0000 0.0000 0.0000 0.0000 0.0000
1.0000 0.5037 0.5286 0.4124 0.4554 0.4188 0.4432 0.0000 0.0000 0.0000 0.0000 0.0031 0.0000 0.0000 0.0000 0.0000 0.0000 0.0000 0.0000 0.0000 0.0000 0.0000 0.0000 0.0000 0.0000 0.0000 0.0000 0.0000
1.0000 0.4386 0.0000 0.0000 0.0000 0.0000 0.0000 0.0000 0.0000 0.0000 0.0000 0.0000 0.0000 0.0000 0.0000 0.0000 0.0000 0.0000 0.0000 0.0000 0.0000 0.0000 0.0000 0.0000 0.0000 0.0000 0.0000 0.0000
