284 96 47 190 189 49 147 223 214 195 128 201 0 60 0 295 194 293 294 16 173 173 168 207 223 211 121 220 151 153 0 0 18 0 2 0 251 50 137 148 10 193 190 275 1 217 108 292 318 24 130 0 108 0 226 146 79 172 150 174 216 1 176 177 151 112 0 271 195 56 130 0 276 32 31 214 0 94 208 247 163 42 215 133 0 286 0 167 197 130 172 0 1 224 176 254 185 178 0 151 0 205 315
35 41 5 85 70 15 27 52 98 70 40 68 0 13 0 90 45 41 41 2 41 40 43 51 48 60 42 73 41 32 0 0 0 0 0 0 85 22 27 31 4 80 39 46 3 77 25 98 92 6 37 0 19 1 80 18 21 35 34 71 50 1 49 33 45 42 0 65 67 0 56 0 87 9 9 75 0 5 64 79 51 8 63 29 0 94 0 43 12 23 27 0 0 81 42 101 63 57 0 46 1 61 91
32 40 0 83 87 10 38 45 82 87 33 75 0 12 0 97 52 47 48 2 42 42 63 42 41 53 35 84 51 40 0 0 7 0 0 0 102 19 28 34 2 93 58 56 0 80 28 125 114 9 52 0 30 0 73 31 19 51 40 54 41 1 45 41 44 43 0 57 77 0 56 0 93 22 17 79 1 2 59 87 52 5 62 39 0 87 0 33 15 20 23 0 0 76 61 103 78 77 0 66 0 74 96
27 3 0 72 84 9 26 42 81 68 35 86 0 11 1 94 53 51 51 4 39 50 55 37 35 52 32 95 40 43 0 1 5 0 0 0 86 17 37 39 1 82 51 60 1 70 23 115 78 4 5 0 15 1 76 17 13 52 37 55 34 1 48 23 29 44 0 69 73 0 52 1 107 13 12 82 0 6 61 77 7 7 60 32 0 99 0 24 12 21 12 0 0 99 69 104 63 66 0 54 0 75 93
22 18 0 65 79 11 20 36 76 79 31 86 0 18 0 104 59 49 47 2 47 46 48 45 46 67 31 83 56 53 0 0 1 0 0 0 85 15 33 38 1 62 53 64 1 66 30 106 102 2 18 0 22 0 84 22 19 62 36 72 34 0 40 34 38 53 0 78 92 1 38 1 108 17 15 78 3 4 62 89 15 8 60 23 0 87 0 27 21 13 24 2 0 91 36 108 57 88 0 39 0 62 101
29 56 1 84 88 12 37 47 101 94 34 74 0 12 1 132 56 58 59 3 60 59 62 53 49 68 39 95 57 47 0 1 5 0 0 0 109 13 25 43 1 79 61 65 0 105 32 137 108 6 81 1 18 0 92 26 21 62 26 89 34 0 34 33 47 48 0 75 82 1 51 0 95 11 7 89 0 4 62 103 76 8 71 33 1 142 0 30 15 15 16 2 0 95 79 132 78 91 0 58 0 74 101
46 57 42 93 59 13 32 57 114 111 49 91 0 23 3 137 70 57 59 1 54 60 78 43 41 68 52 111 61 61 0 2 7 1 1 0 127 16 37 38 3 87 68 72 3 90 35 141 125 4 55 1 20 2 102 33 16 60 35 81 40 2 63 46 73 57 0 89 81 3 75 3 141 14 13 73 0 2 94 109 60 7 79 52 2 121 0 37 24 31 31 1 0 98 66 128 78 94 0 73 1 109 144
37 88 1 108 110 14 28 44 104 114 46 117 0 20 0 110 60 47 45 3 46 44 65 54 50 59 45 104 57 61 0 0 6 0 0 0 101 17 34 34 3 72 76 73 0 97 32 149 145 7 130 2 23 0 101 32 14 77 46 93 53 1 49 33 50 70 0 91 65 1 54 0 116 18 14 97 0 3 96 102 116 9 72 40 0 126 0 43 15 27 27 0 0 105 70 122 89 90 1 64 0 97 126
245 187 0 194 189 56 133 194 217 239 117 165 30 56 216 306 163 257 254 18 169 184 136 189 196 214 88 198 158 154 38 175 28 195 194 225 251 44 132 145 11 195 177 241 244 216 89 291 316 20 244 244 105 121 264 131 89 168 117 183 213 167 152 149 154 123 70 213 220 64 137 238 273 35 31 199 210 95 195 223 225 29 178 123 163 226 65 138 192 108 165 205 188 240 156 247 157 169 75 125 208 190 267
130 230 0 196 201 24 84 138 230 250 105 164 60 65 198 234 138 105 103 9 100 100 144 151 154 144 98 214 134 121 16 176 8 165 160 220 225 55 69 84 2 199 162 119 235 217 74 228 245 9 255 227 76 103 164 69 53 169 96 175 104 178 140 120 102 133 52 215 184 1 75 174 237 20 17 200 234 22 197 241 240 7 168 105 135 240 41 111 50 69 91 210 231 226 153 261 93 183 85 137 167 170 315
48 99 0 95 92 7 23 56 87 92 40 81 15 17 95 109 74 46 45 3 63 62 59 64 62 59 50 105 59 61 5 78 5 90 91 110 108 15 27 49 3 103 68 67 111 104 46 143 122 6 123 108 18 106 86 28 33 80 37 84 45 79 64 49 50 59 69 85 87 1 61 141 91 22 20 92 108 3 62 94 100 11 67 56 69 120 74 35 30 31 30 101 99 107 77 119 68 83 42 53 92 92 144
45 120 0 134 122 27 44 72 112 123 69 150 13 35 143 166 83 70 69 2 84 93 99 60 57 92 62 117 77 82 9 103 4 108 111 145 131 26 38 46 4 134 81 87 138 149 43 173 168 8 143 149 34 165 128 47 24 83 59 113 52 113 88 56 80 80 117 118 93 3 74 178 126 19 16 121 140 12 121 130 150 8 120 54 72 150 101 55 27 25 38 109 143 143 104 147 82 114 76 84 129 110 186
36 104 0 110 116 18 38 62 125 91 55 96 14 19 103 126 84 59 58 3 58 58 68 67 63 93 60 132 78 74 4 77 4 107 107 105 102 15 35 44 2 123 101 72 122 100 40 143 121 7 128 111 38 52 117 27 21 58 44 79 56 101 58 47 52 70 55 117 111 4 61 134 128 20 20 107 118 8 109 89 143 10 93 56 65 111 33 39 26 34 30 79 117 115 78 142 78 112 63 83 100 95 154
42 118 0 139 130 14 41 63 157 147 64 119 15 35 127 140 96 56 56 2 72 75 99 80 85 106 60 137 89 79 18 101 4 122 121 133 141 14 35 51 3 120 89 85 151 141 50 209 175 10 147 149 33 113 133 46 29 83 48 105 56 98 88 61 62 92 78 117 125 0 74 149 129 18 15 128 122 7 104 148 159 8 118 77 71 152 66 51 29 23 39 128 157 142 84 165 86 115 57 83 108 131 182
61 122 0 111 118 26 42 86 125 123 65 109 11 32 110 140 88 68 65 3 79 75 86 85 84 97 59 135 94 61 15 111 4 126 126 157 126 19 47 64 4 125 82 92 157 128 40 158 166 11 162 142 43 136 143 47 30 74 56 116 66 119 70 58 73 85 104 135 113 1 79 165 132 18 16 131 133 6 109 125 133 7 97 75 86 159 75 61 21 44 48 129 127 143 108 162 84 117 70 95 108 120 160
50 112 1 124 148 11 44 61 104 107 59 108 23 28 125 140 79 65 66 4 56 63 72 61 70 68 53 143 69 46 13 97 3 106 104 153 108 27 34 47 1 118 68 66 125 105 51 165 138 9 155 122 30 154 127 25 37 69 47 94 51 69 71 48 58 62 113 107 103 3 73 133 162 23 20 104 127 4 109 115 130 4 84 56 74 117 2 44 24 30 25 135 117 132 72 159 90 89 51 72 101 101 159
70 119 0 119 117 16 43 92 144 106 52 123 17 20 132 132 86 66 65 3 62 63 83 77 73 100 62 112 92 68 9 101 6 125 126 156 134 23 45 56 6 124 85 78 129 119 44 182 129 3 146 134 31 37 110 52 29 85 60 114 58 91 76 63 75 66 34 116 113 5 72 139 134 18 15 126 142 9 110 129 118 5 111 48 80 137 1 68 25 38 45 129 137 121 103 162 92 107 61 72 116 140 154
71 127 0 163 156 18 57 80 128 136 73 145 16 27 127 175 125 70 73 1 92 83 99 84 71 114 92 155 84 78 10 102 6 139 136 116 158 26 53 81 7 137 73 78 166 140 45 219 162 7 173 149 41 117 139 39 19 85 56 111 76 113 79 71 78 94 53 131 107 3 72 167 155 24 24 133 114 7 140 143 176 7 115 57 87 161 61 50 30 51 46 101 144 164 103 185 98 118 50 74 96 129 181
54 103 0 119 129 21 41 66 109 89 58 95 18 22 117 123 60 56 57 1 56 56 65 65 68 104 54 121 75 59 16 91 3 96 94 134 107 19 28 50 4 89 70 65 124 113 33 149 133 6 149 99 30 34 113 52 38 78 40 88 61 83 58 56 68 73 22 106 101 3 66 125 111 27 19 106 110 4 85 108 121 10 98 46 68 127 17 51 25 21 26 98 130 114 79 151 78 106 58 65 98 107 142
67 111 0 117 140 17 48 51 117 124 60 133 24 27 130 143 85 76 76 2 74 73 83 86 74 83 64 109 78 75 23 100 7 122 122 126 114 18 45 53 3 123 63 67 142 112 36 175 149 9 143 114 30 171 136 30 36 80 58 90 60 90 83 57 83 85 110 94 114 0 63 162 129 19 18 134 140 6 114 121 130 11 92 52 75 146 110 52 27 41 38 123 105 129 83 166 74 110 64 66 95 101 166
77 135 0 136 154 27 57 74 137 138 70 142 33 40 164 189 96 90 85 10 77 81 106 83 79 118 79 148 105 87 16 107 10 177 178 202 160 37 37 62 5 140 111 101 209 162 57 224 179 10 189 178 35 98 150 45 41 80 61 129 71 122 79 67 92 93 70 141 124 2 92 184 179 19 17 140 142 17 124 151 166 6 120 65 90 167 49 72 36 58 56 174 171 176 119 191 122 145 75 110 148 144 205
57 109 0 101 118 11 47 65 105 106 69 118 21 26 113 131 89 70 69 1 65 65 74 68 64 85 52 107 88 61 16 81 5 106 106 138 132 18 39 65 2 110 85 71 129 105 37 160 128 6 156 126 28 172 122 47 21 69 36 94 64 89 63 68 60 86 114 125 98 2 71 124 134 22 17 113 109 5 103 103 129 9 88 50 97 129 80 50 27 30 32 110 122 124 74 147 74 106 49 76 126 111 139
56 106 0 118 120 15 44 64 114 118 59 123 17 33 139 122 73 78 77 4 85 90 86 69 68 97 48 129 81 68 12 86 3 123 124 143 149 21 47 54 0 93 92 72 133 116 36 193 152 5 141 141 27 160 144 40 30 80 52 95 58 87 63 52 85 85 43 102 99 7 73 141 162 18 16 133 127 8 118 106 148 13 77 49 83 155 0 52 20 35 25 137 117 146 93 160 87 102 58 75 112 123 163
85 142 0 156 134 19 37 84 135 142 70 143 22 33 163 165 87 80 78 7 84 78 85 91 76 105 70 146 90 82 16 102 6 158 156 176 156 33 39 69 4 136 82 85 166 142 56 222 167 6 195 158 33 182 160 48 37 96 66 132 74 110 87 62 95 86 134 123 120 2 82 161 197 30 29 127 153 4 115 140 184 7 123 75 76 166 119 63 35 49 51 162 152 173 116 213 108 118 74 96 120 139 180
82 192 0 213 205 16 64 112 162 182 82 181 36 30 175 212 121 103 102 8 100 98 104 94 90 114 102 205 120 95 24 128 9 189 187 208 203 33 47 79 5 182 123 118 221 195 67 292 242 6 257 221 58 0 192 55 37 119 61 142 85 119 121 86 92 95 1 163 137 5 92 230 231 30 25 182 177 13 144 187 208 6 151 81 104 223 1 90 48 52 61 209 201 185 161 243 127 139 100 133 189 164 228
78 165 0 179 172 12 39 81 143 175 68 137 23 32 181 190 113 82 82 5 86 83 87 99 89 95 73 168 108 84 10 130 5 138 140 185 183 36 60 62 3 148 109 104 178 137 46 226 199 11 203 168 37 181 167 49 39 104 58 140 77 115 86 78 93 81 143 149 117 1 92 172 200 21 20 142 182 10 136 171 190 9 120 76 82 189 127 77 41 54 51 191 174 167 135 207 104 133 76 105 143 130 193
68 127 0 129 130 13 52 77 142 142 71 131 23 42 173 198 94 82 84 5 86 84 100 81 76 116 65 151 107 89 18 116 2 136 137 174 152 34 51 78 0 126 100 86 144 164 55 235 164 12 163 142 43 161 152 42 29 100 50 127 80 94 105 78 89 97 134 128 153 4 77 182 189 28 23 134 157 3 142 145 168 10 114 47 81 184 129 71 37 40 47 144 160 153 110 188 102 114 77 104 117 136 198
86 138 0 151 162 19 57 94 147 171 66 161 28 35 169 179 109 94 95 1 89 96 101 99 92 114 77 170 81 91 13 110 7 145 147 189 192 39 51 73 2 153 96 87 172 182 50 227 211 4 192 210 34 128 136 48 40 104 59 134 87 125 88 78 93 95 97 135 104 2 87 193 170 19 17 144 183 10 139 158 182 11 113 61 90 167 2 62 31 38 52 143 183 179 118 225 98 137 81 94 144 153 197
62 142 0 144 138 20 59 109 135 132 78 173 32 33 134 193 83 72 72 4 94 97 103 85 86 103 65 167 112 74 21 115 9 125 127 177 172 22 44 62 2 128 100 85 155 138 55 230 210 4 180 157 29 168 140 37 45 99 71 116 71 142 82 76 99 74 153 132 130 2 93 197 149 30 27 149 167 9 141 118 177 5 120 76 94 157 131 57 38 40 54 161 156 178 108 186 117 154 95 96 151 142 196
