584 459 475 414 473 97 360 447 461 461 242 430 152 117 507 613 572 618 618 51 358 365 329 423 435 443 233 481 345 333 97 400 155 529 532 570 545 89 265 896 67 429 381 555 524 463 219 615 656 220 580 488 241 644 507 280 192 381 290 363 461 622 339 366 329 261 471 541 405 125 265 513 601 183 176 413 516 629 439 539 538 143 439 256 400 579 479 346 415 245 349 527 493 470 373 549 390 370 321 295 492 431 1176
70 143 178 177 146 33 73 99 163 136 76 144 43 29 179 191 112 86 86 6 86 84 99 93 87 120 85 143 91 74 17 121 31 146 144 188 181 29 44 197 7 160 81 107 162 166 49 219 200 41 192 184 41 206 157 48 43 78 65 130 88 148 98 75 97 100 162 136 138 3 94 192 164 68 62 153 188 25 127 175 180 34 124 60 103 206 146 74 26 44 49 150 177 174 104 202 137 137 81 101 142 138 373
79 158 196 168 179 21 87 101 186 160 75 167 47 35 198 199 148 99 100 8 86 85 131 99 101 106 90 173 112 95 25 139 50 201 203 204 223 34 62 213 8 163 118 112 175 166 47 273 215 44 215 213 50 252 154 58 44 107 79 145 92 157 88 76 94 111 193 160 131 2 109 194 187 83 76 156 178 33 141 177 211 31 146 83 122 203 168 68 41 41 47 190 160 167 124 218 144 161 97 118 161 147 399
62 156 173 154 168 18 71 78 172 136 71 171 46 26 181 199 128 107 108 7 94 110 123 91 80 103 67 193 94 87 9 119 46 168 169 204 195 25 69 234 5 159 104 118 172 153 41 234 158 31 214 192 29 225 163 33 28 87 73 111 72 139 94 66 72 95 154 133 138 4 97 196 226 75 69 165 190 24 121 150 204 29 112 71 89 207 145 58 24 52 34 184 177 192 129 215 131 134 88 109 130 157 381
52 152 174 158 172 23 59 64 169 184 90 159 35 34 171 203 152 94 92 4 96 95 116 92 93 130 82 163 115 104 22 128 35 154 158 185 173 23 55 205 6 142 102 123 160 148 54 224 207 40 208 178 42 178 186 45 32 111 71 150 79 153 89 59 85 89 172 146 161 2 76 205 194 72 64 163 189 24 146 183 173 33 125 69 88 174 152 60 38 31 58 186 186 170 108 208 129 160 84 86 144 121 429
53 179 193 181 190 24 106 94 210 174 75 148 25 27 207 245 155 108 109 6 115 119 122 98 95 122 84 188 136 105 16 146 51 193 196 245 237 24 46 269 7 164 124 117 195 189 56 254 216 35 241 218 43 292 198 52 33 118 68 169 76 151 83 76 95 107 194 139 150 5 108 256 199 68 63 179 224 22 143 195 249 21 133 69 115 261 163 66 34 39 50 208 224 188 146 262 174 184 111 107 150 168 456
95 219 220 209 228 25 95 126 233 237 87 192 39 48 229 271 180 123 124 3 117 129 150 107 96 131 97 221 143 126 24 168 41 230 228 300 262 32 64 283 9 196 128 133 227 192 55 304 268 50 225 245 54 278 222 58 52 135 84 174 93 158 115 107 132 118 224 188 163 7 119 277 253 75 70 179 246 36 179 199 230 32 164 107 150 236 193 84 49 54 69 217 244 225 144 275 180 168 122 160 184 202 531
65 194 233 210 228 27 87 98 217 208 91 208 42 42 212 223 153 96 94 8 97 98 130 129 114 121 89 206 139 111 18 141 41 227 227 258 224 35 60 297 8 181 139 139 206 196 65 279 260 37 244 254 55 267 187 58 34 145 86 178 92 181 107 82 111 135 235 183 138 4 118 255 248 100 93 198 218 23 195 207 245 30 154 98 114 226 178 77 39 53 64 219 195 200 144 248 187 193 131 126 169 193 466
491 406 447 401 438 109 323 388 422 455 215 355 69 103 510 627 467 573 567 36 350 372 269 403 427 411 199 408 312 323 75 373 180 439 441 467 496 78 246 847 79 370 356 516 515 415 192 571 609 209 477 492 227 543 522 253 177 370 233 373 396 368 324 310 297 235 441 448 430 132 269 487 540 198 187 414 436 569 391 469 457 114 391 265 350 513 448 289 390 213 356 479 443 485 348 486 365 346 248 253 438 384 1013
279 444 458 428 424 59 199 244 494 470 199 344 157 119 452 451 368 226 224 19 245 252 327 312 302 276 213 479 297 234 48 354 73 352 347 451 477 96 130 734 19 397 332 282 464 430 160 476 513 91 509 480 147 544 360 139 103 315 218 374 235 386 290 226 238 301 451 431 377 12 144 389 473 88 84 404 494 74 370 472 483 99 342 215 297 472 320 255 102 148 196 431 478 459 305 509 188 382 239 266 396 360 1170
90 207 225 200 204 20 85 103 185 189 85 174 29 32 194 215 174 105 104 8 139 144 141 124 122 135 100 202 128 121 14 154 41 181 182 248 219 30 49 269 10 209 154 133 230 206 72 278 247 56 249 230 55 256 176 59 49 157 80 150 94 178 106 97 99 145 203 184 173 2 124 265 200 89 84 188 220 32 149 181 219 35 163 123 130 240 171 86 57 63 65 210 205 234 150 238 149 160 110 103 198 188 492
95 247 279 248 255 40 119 148 244 248 137 269 36 57 280 325 198 163 164 7 163 174 211 155 143 170 117 273 179 152 24 204 69 231 235 295 259 49 73 366 12 255 173 166 289 289 96 352 327 61 328 306 79 341 276 95 52 161 113 216 142 257 149 103 149 169 269 250 199 8 144 361 273 122 109 252 289 38 235 255 337 26 243 122 157 303 216 124 52 72 79 237 277 295 193 296 170 235 150 166 244 248 653
76 208 231 231 244 33 96 128 246 201 100 226 34 41 210 269 177 139 137 4 129 127 164 148 140 156 116 244 163 129 15 184 63 217 220 235 223 34 65 319 3 237 187 148 251 211 77 305 274 56 266 236 75 285 221 63 37 133 71 164 120 205 123 112 120 147 239 216 229 8 130 266 280 83 78 217 241 32 209 197 278 34 204 114 146 239 179 89 62 66 65 209 250 224 175 281 160 213 132 159 217 186 546
89 236 273 275 271 32 120 142 316 281 117 252 38 65 276 279 251 135 135 6 155 164 211 155 159 196 125 278 186 164 34 188 66 271 269 291 303 41 73 358 10 245 194 173 308 272 96 379 333 59 328 299 75 348 278 83 51 170 103 231 115 261 169 132 144 179 302 234 233 2 142 303 292 102 92 247 282 35 224 277 318 30 233 141 163 316 227 104 70 53 101 280 325 303 189 313 196 222 124 190 247 268 641
127 272 257 243 244 44 116 161 275 251 131 216 27 57 240 314 214 151 151 5 169 161 200 182 171 186 122 296 191 132 23 222 56 267 267 306 278 38 97 363 13 280 182 189 330 265 81 343 354 62 343 283 82 340 277 85 67 173 113 214 156 261 145 123 154 187 246 283 199 8 170 311 293 86 84 248 296 41 204 264 265 38 220 152 181 300 179 111 63 89 85 259 270 281 209 325 188 242 146 190 234 252 629
118 226 267 251 281 33 104 132 256 240 95 229 41 46 265 269 217 145 148 5 116 132 164 132 142 140 107 261 152 102 28 196 53 225 225 289 264 45 57 329 11 243 146 138 243 219 95 332 294 61 297 297 61 301 259 60 71 137 97 211 119 167 136 112 142 140 231 220 199 4 135 277 285 99 87 206 258 41 188 227 242 30 177 112 146 264 199 105 55 62 75 259 242 265 149 323 187 203 107 142 220 220 600
120 265 292 244 252 33 114 155 282 262 108 248 48 51 269 285 205 155 154 4 144 152 172 163 149 194 137 215 175 140 24 209 54 280 282 293 282 41 81 363 12 236 176 165 268 242 100 351 290 60 293 293 67 318 221 100 58 185 130 222 121 224 153 133 157 158 283 239 233 7 160 304 293 103 94 260 287 49 226 276 283 47 223 112 160 278 221 130 59 84 68 253 290 290 201 316 180 220 131 153 246 257 629
138 254 304 301 275 36 131 162 278 291 153 284 43 56 319 333 277 168 172 7 195 185 212 175 158 209 175 322 194 152 29 234 63 297 293 320 338 48 87 379 16 280 157 171 334 281 110 417 344 60 359 319 85 395 294 87 58 186 127 248 152 255 148 151 167 191 306 259 229 6 158 335 319 126 124 265 295 44 267 270 341 49 235 116 188 347 266 132 72 91 113 257 331 324 202 359 213 253 186 167 273 275 736
112 198 235 235 244 31 106 134 216 187 113 209 37 43 239 252 176 121 124 7 124 132 149 145 142 173 107 232 154 118 26 186 39 227 221 266 221 36 54 308 14 214 141 137 247 232 70 293 259 55 290 219 67 276 227 91 63 141 82 175 112 197 136 125 130 130 209 211 202 4 124 251 231 91 82 219 230 38 188 200 257 37 197 93 144 256 185 93 50 60 61 219 223 220 162 284 150 215 100 135 198 224 547
131 217 241 233 264 29 114 122 243 237 117 246 48 49 263 285 206 147 145 13 150 149 178 172 152 177 131 229 160 135 36 178 58 271 272 271 275 34 73 327 5 251 160 145 278 259 89 366 328 61 277 230 57 322 271 72 66 145 106 186 131 233 141 148 158 177 256 224 219 4 130 318 284 104 98 263 257 42 220 247 265 34 201 119 153 274 203 113 62 86 85 231 227 283 188 319 182 213 132 146 210 202 600
161 291 355 282 309 55 152 170 323 314 140 304 64 79 356 406 255 199 196 15 191 193 231 173 173 233 166 312 216 178 35 221 71 359 362 391 344 51 95 430 15 294 213 197 378 348 115 463 381 77 377 322 80 401 323 83 75 176 144 268 158 273 175 142 185 200 329 289 261 9 173 359 384 122 111 291 345 63 277 325 342 64 249 140 220 352 295 164 81 105 100 332 349 391 263 395 266 301 164 212 306 273 743
97 212 233 213 222 19 123 136 227 214 119 209 39 51 223 287 213 157 156 3 130 135 158 159 161 164 114 227 153 124 27 185 53 228 227 273 279 35 73 297 12 231 169 147 262 223 79 319 298 49 299 257 65 309 252 92 44 144 75 198 124 209 136 116 137 161 241 246 184 7 140 254 263 102 97 220 244 40 210 218 262 31 191 102 181 278 188 91 59 67 61 258 246 273 164 289 154 230 131 139 249 214 553
110 219 267 251 261 37 112 134 255 237 124 250 43 53 284 285 198 160 158 10 157 162 174 171 153 185 92 260 162 130 22 189 49 271 272 281 286 45 80 334 11 225 174 165 272 251 77 388 317 53 329 285 64 341 282 81 61 145 100 210 147 204 131 119 173 170 274 222 203 10 136 293 322 94 87 249 267 49 224 241 296 46 182 107 160 293 225 100 45 89 62 274 244 294 189 327 190 218 125 147 241 248 552
161 276 323 298 280 40 120 156 277 291 147 293 56 77 343 343 235 166 165 13 185 182 177 187 156 197 157 294 189 161 28 222 62 349 353 358 325 58 83 399 14 286 199 202 329 288 114 464 335 48 387 344 91 372 320 48 37 97 130 281 144 250 172 141 197 177 314 272 248 6 174 351 385 136 127 300 324 40 245 287 371 42 228 143 168 351 275 133 67 103 121 309 284 322 234 391 218 252 158 191 286 283 724
182 364 367 395 422 45 167 213 355 355 177 392 71 75 402 412 303 214 213 26 221 232 243 237 216 218 190 395 284 185 46 294 84 396 398 423 433 67 103 545 18 373 261 250 419 388 128 596 483 82 510 425 115 497 404 104 83 257 146 318 171 289 214 188 224 194 393 322 303 7 199 453 448 178 170 359 384 67 297 353 443 65 299 175 249 460 350 173 89 128 128 384 404 393 292 478 287 325 191 267 388 344 841
166 305 349 328 340 39 124 186 315 359 140 318 67 66 347 383 282 170 171 11 176 176 197 216 196 218 148 336 216 175 29 261 79 317 318 379 366 59 122 418 14 315 215 205 356 333 93 455 389 82 401 355 88 397 325 91 75 208 125 269 165 268 191 164 207 200 358 301 252 7 177 384 394 130 122 312 362 59 272 341 412 56 258 154 186 393 303 155 80 115 126 361 336 340 253 407 240 267 179 218 288 290 795
133 293 338 276 295 38 141 144 294 281 150 263 56 87 339 408 241 174 176 12 172 164 204 187 166 213 145 325 212 165 37 243 67 299 297 369 319 52 97 410 12 260 192 178 293 336 97 474 351 76 379 328 77 351 312 84 66 216 100 253 156 272 195 164 190 180 291 273 296 7 154 339 370 113 103 283 330 30 277 295 353 64 234 127 181 353 277 145 73 100 102 306 319 304 213 377 213 275 177 203 258 288 752
162 285 318 305 344 47 150 170 319 315 126 314 74 60 343 400 256 193 195 10 186 195 229 200 185 225 155 334 202 181 30 209 73 305 304 393 367 61 91 463 8 295 199 164 351 357 95 502 406 70 386 390 82 428 323 88 84 230 127 252 166 275 204 170 196 200 342 286 248 5 162 385 386 117 110 290 374 45 296 327 382 55 239 122 201 365 281 126 77 87 106 309 338 353 230 434 237 262 170 162 296 315 757
128 297 284 294 300 39 161 203 292 292 152 324 58 73 306 379 244 170 170 6 195 201 192 183 198 188 136 322 241 177 36 223 93 303 301 371 359 42 75 378 15 296 209 198 318 293 105 472 427 71 383 324 71 384 326 81 82 221 129 255 143 291 177 144 200 184 313 297 254 6 196 399 332 141 130 292 318 54 274 276 379 33 244 151 199 328 266 114 76 81 107 316 304 353 229 380 256 279 189 196 320 300 823
