0 814 6 22 
22 19 
19 13 
13 790 8 
3 14 
4 5 
8 10 
16 12 
14 7 
10 3 
5 11 
20 9 
11 2 
21 16 
7 4 
2 20 
9 21 
12 18 
18 1 
15 813 798 85 
1 15 
6 745 777 778 779 789 17 
17 792 746 765 805 797 775 786 737 808 791 788 754 80 
53 49 
54 30 
85 54 
25 48 
61 38 
71 62 
48 41 
51 76 
30 53 
76 39 
31 44 
65 26 
28 31 
49 51 
26 64 
64 43 
41 57 
56 68 
47 23 
69 58 
38 25 
50 56 
43 36 
57 71 
24 50 
70 65 
39 61 
62 70 
23 24 
75 69 
45 60 
68 72 
36 28 
37 66 
32 63 
44 75 
72 45 
52 32 
58 47 
33 59 
60 52 
73 33 
78 37 
66 73 
63 78 
59 42 
42 55 
55 67 
67 234 
522 238 
234 637 
530 372 
29 77 
637 445 
180 638 
630 365 
248 800 416 
528 335 
531 385 
210 522 
517 717 210 
656 201 
533 259 
623 451 
422 418 
145 575 
247 149 
300 472 
472 503 
329 487 
416 477 
431 517 
445 305 
609 581 
616 623 
360 440 
432 341 
315 373 
449 89 
373 170 
128 611 
513 167 
149 423 
368 495 
193 431 
483 644 
312 625 
620 656 
540 378 
515 218 
440 427 
493 500 
115 316 
503 449 
117 590 
168 609 
481 467 
336 497 
251 328 
179 230 
125 476 
635 645 
130 251 
167 537 
116 266 
568 566 
638 564 
452 439 
471 412 
427 629 
451 333 
413 584 
477 193 
558 507 
537 312 
429 116 
220 371 
564 546 
290 175 
581 91 
536 555 
324 337 
348 118 
381 360 
586 366 
394 380 
603 250 
430 493 
641 148 
318 110 
266 268 
321 395 
546 300 
566 219 
137 257 
268 538 
621 350 
500 269 
584 95 
305 248 
313 586 
293 191 
154 432 
401 287 
325 400 
269 180 
507 490 
201 616 
177 278 
400 178 
307 168 
205 422 
367 390 
421 382 
352 253 
114 188 
303 408 
254 114 
173 222 
594 204 
264 336 
487 540 
191 643 
494 569 
121 398 
657 284 
135 457 
339 536 
643 348 
120 96 
456 574 
453 433 
224 212 
278 481 
371 290 
518 471 
226 483 
252 192 
424 627 
510 277 
625 154 
159 552 
611 130 
454 231 
602 104 
342 205 
382 424 
261 145 
276 510 
232 213 
204 482 
213 155 
387 272 
399 429 
246 506 
249 310 
544 351 
240 559 
354 120 
423 513 
308 531 
419 293 
197 561 
418 630 
164 179 
467 601 
597 419 
256 232 
404 281 
327 90 
89 115 
391 197 
80 83 
244 229 
260 315 
512 587 
506 270 
409 461 
227 514 
365 430 
627 177 
372 311 
473 399 
543 456 
575 301 
341 370 
311 135 
398 352 
644 512 
480 654 
316 247 
469 254 
242 131 
103 634 
230 470 
426 602 
514 355 
245 425 
192 501 
34 417 
281 153 
608 368 
119 550 
380 594 
582 226 
486 394 
604 626 
361 245 
439 554 
395 334 
189 126 
460 283 
287 657 
420 286 
660 242 
383 298 
389 163 
482 421 
270 543 
490 530 
219 263 
428 558 
91 117 
350 93 
442 324 
590 486 
538 137 
215 308 
96 620 
385 256 
497 164 
587 442 
632 391 
141 393 
297 244 
218 329 
356 364 
211 407 
317 356 
171 479 
310 108 
155 303 
595 367 
470 475 
284 381 
351 128 
330 413 
579 345 
612 383 
542 447 
629 608 
462 520 
476 342 
176 406 
188 579 
257 428 
407 289 
562 409 
272 639 
415 660 
93 133 
485 544 
238 260 
592 162 
100 339 
370 401 
444 485 
386 190 
495 173 
464 379 
654 473 
200 109 
378 125 
550 502 
322 533 
412 330 
626 426 
301 636 
335 647 
231 252 
178 265 
357 547 
366 375 
263 183 
425 224 
478 297 
265 246 
139 280 
98 492 
509 415 
601 321 
97 187 
345 176 
332 294 
148 220 
397 362 
250 307 
392 452 
133 211 
112 103 
212 478 
253 582 
555 446 
126 596 
333 261 
108 255 
457 635 
328 568 
353 134 
172 595 
153 249 
331 374 
406 121 
519 621 
636 597 
346 195 
379 282 
241 353 
574 200 
83 81 
131 172 
92 641 
337 509 
289 454 
554 189 
222 354 
647 404 
436 123 
109 157 
143 147 
501 357 
583 302 
589 392 
196 332 
475 612 
255 541 
170 515 
571 583 
580 403 
175 480 
129 267 
95 444 
118 603 
376 100 
610 264 
488 460 
468 338 
183 215 
186 613 
288 276 
408 542 
438 389 
184 618 
216 565 
613 648 
655 640 
596 434 
102 112 
410 397 
650 141 
459 376 
283 196 
181 405 
104 606 
434 386 
569 469 
362 129 
86 171 
447 313 
375 92 
334 387 
163 227 
195 288 
223 143 
363 463 
576 241 
90 410 
539 299 
190 317 
326 347 
221 327 
393 101 
347 545 
390 632 
229 181 
561 610 
280 562 
99 102 
277 580 
502 464 
645 325 
187 650 
551 578 
134 152 
228 488 
618 592 
648 604 
545 504 
552 438 
237 600 
461 331 
298 139 
614 159 
157 459 
600 474 
271 184 
259 99 
504 384 
349 202 
338 97 
152 221 
541 186 
374 519 
299 523 
294 462 
446 589 
578 223 
492 322 
369 349 
158 271 
236 98 
547 361 
520 363 
101 228 
640 225 
295 209 
147 571 
286 551 
402 465 
355 274 
405 528 
364 494 
282 346 
639 518 
94 296 
274 236 
651 529 
474 94 
302 539 
258 420 
74 46 
556 295 
123 655 
209 511 
465 614 
479 468 
634 576 
162 453 
87 651 
433 119 
110 86 
463 158 
225 369 
499 556 
267 156 
384 505 
606 318 
505 237 
146 436 
156 258 
46 29 
296 275 
198 450 
511 326 
403 402 
565 87 
535 642 
35 74 
275 198 
577 585 
450 146 
598 577 
619 107 
523 499 
202 216 
534 535 
466 619 
642 526 
81 35 
77 40 
40 727 84 
529 534 
527 466 
526 527 
798 
84 240 
107 598 
437 646 
27 166 
79 785 753 455 
585 437 
628 652 
165 549 
82 443 
646 496 
496 628 
781 787 
652 165 
203 762 262 
813 781 
549 203 
194 605 
605 34 
388 194 
151 524 
599 521 
262 599 
521 151 
343 82 
559 704 343 
524 388 
617 27 
443 658 
314 79 
417 106 
658 314 
106 622 
622 617 
607 233 
508 498 
142 491 
214 508 
396 127 
166 340 
572 458 
358 588 
140 113 
548 140 
498 142 
233 570 
127 358 
624 572 
306 309 
633 144 
570 306 
113 624 
491 548 
553 396 
340 214 
588 344 
458 553 
344 633 
309 435 
144 607 
435 217 
414 243 
182 484 
615 111 
591 136 
105 516 
239 557 
88 489 
217 414 
185 150 
455 770 532 
150 304 
516 291 
304 160 
161 88 
292 169 
659 285 
323 182 
124 323 
132 235 
484 132 
206 124 
560 320 
279 653 
235 161 
111 319 
160 206 
489 615 
291 591 
653 105 
567 573 
448 279 
122 207 
199 208 
441 273 
649 563 
243 185 
573 649 
320 567 
319 239 
174 560 
169 525 
557 448 
411 292 
208 122 
563 138 
285 199 
138 631 
207 411 
359 593 
136 659 
631 359 
273 174 
593 377 
377 752 705 
525 441 
532 662 
789 796 
796 728 
728 716 780 
666 742 
675 670 
661 725 803 694 
705 661 
693 675 
662 697 
700 693 
673 692 
697 683 
667 700 
664 665 
696 678 
670 688 
663 664 
674 682 
678 672 
683 667 
665 684 
701 669 
688 701 
691 699 
669 674 
672 691 
787 
682 673 
699 663 
687 695 
684 703 
677 687 
686 677 
703 686 
692 696 
680 668 
695 702 
679 666 
702 671 
671 676 
681 679 
689 681 
668 698 
698 690 
676 680 
690 689 
685 768 
780 685 
694 708 
762 759 
803 713 
742 751 
725 
704 733 755 
751 766 
779 809 
754 741 
788 
778 743 
791 763 
759 
777 
808 
768 793 
741 732 
717 
708 810 
737 
723 815 
786 
814 
809 726 
775 
750 710 
726 776 
743 750 
804 747 
745 
732 772 
753 723 
797 
749 748 
766 782 
805 
765 
755 749 
729 719 
758 783 
763 
815 720 
727 740 
782 756 
802 711 
716 
736 804 
817 801 
746 
744 812 
740 757 
770 
793 802 
710 706 
707 816 
756 709 
712 744 
757 739 
785 
792 
748 707 
706 718 
709 764 
771 774 
790 806 
752 712 
799 724 
818 730 
816 736 
776 729 
713 758 
807 818 
733 
800 761 
801 715 
806 794 
812 722 
720 819 
772 767 
810 735 
718 811 
795 807 
747 738 
730 721 
761 784 
783 799 
774 795 
738 731 
719 817 
711 771 
811 773 
724 
784 
769 760 
760 734 
714 
715 
734 
773 714 
764 769 
794 
721 
739 
722 
731 
819 
735 
767 
