1.0000 0.4485 0.4783 0.5050 0.5674 0.4844 0.4648 0.5160 0.4530 0.5352 0.4865 0.4412 0.4727 0.5000 0.4703 0.3959 0.2721 0.2217 0.0389 0.0120 0.0158 0.0000 0.0000 0.0041 0.0023 0.0000
1.0000 0.4813 0.5268 0.5174 0.5227 0.4684 0.4615 0.5172 0.4647 0.4525 0.4978 0.5138 0.4537 0.5714 0.4703 0.4263 0.4983 0.3558 0.0705 0.0526 0.0426 0.0000 0.0000 0.0000 0.0000 0.0000
1.0000 0.5149 0.4889 0.5155 0.5000 0.4879 0.5067 0.5211 0.4256 0.5169 0.4669 0.4484 0.4330 0.5062 0.5381 0.3887 0.4925 0.3840 0.1148 0.1027 0.1019 0.0556 0.0000 0.0035 0.0042 0.0031
1.0000 0.5028 0.4976 0.5487 0.5448 0.4952 0.4796 0.5000 0.5323 0.4506 0.4360 0.4612 0.4505 0.4615 0.4825 0.4337 0.4089 0.1039 0.0733 0.0690 0.0781 0.0000 0.0000 0.0039 0.0051 0.0034
1.0000 0.5265 0.4851 0.4808 0.4903 0.5018 0.5109 0.4818 0.4769 0.4534 0.4794 0.4573 0.5094 0.5167 0.4779 0.4557 0.4738 0.1992 0.0883 0.0796 0.0419 0.0000 0.0000 0.0028 0.0000 0.0029
1.0000 0.4356 0.4894 0.5394 0.5000 0.4478 0.5109 0.5437 0.5308 0.4333 0.4674 0.4463 0.4821 0.4872 0.4351 0.4462 0.4985 0.2150 0.0420 0.0210 0.0195 0.0080 0.0000 0.0000 0.0000 0.0000
1.0000 0.5187 0.5000 0.5350 0.4600 0.4733 0.4637 0.4702 0.4411 0.4389 0.4579 0.4720 0.4912 0.4730 0.4708 0.4033 0.4786 0.0403 0.5576 0.1194 0.1538 0.0000 0.0000 0.0000 0.0035 0.0031
1.0000 0.5446 0.5134 0.5000 0.4962 0.6000 0.5209 0.5138 0.5211 0.4673 0.5157 0.4812 0.4466 0.4912 0.4960 0.4206 0.4792 0.0868 0.3610 0.4172 0.3924 0.0000 0.0000 0.0132 0.0053 0.0033
1.0000 0.5544 0.4206 0.5138 0.4845 0.4688 0.5125 0.5014 0.4499 0.4943 0.4748 0.4893 0.5269 0.5439 0.4930 0.4701 0.0447 0.0000 0.0213 0.0227 0.0296 0.0000 0.0000 0.0033 0.0000 0.0000
1.0000 0.5526 0.5267 0.4788 0.5097 0.4510 0.4823 0.4392 0.5140 0.4598 0.5056 0.4781 0.5607 0.5323 0.5068 0.4296 0.5134 0.0000 0.2008 0.1406 0.1479 0.1481 0.0000 0.0000 0.0080 0.0000
1.0000 0.4000 0.4711 0.5050 0.5520 0.4624 0.4932 0.5042 0.4773 0.5333 0.4733 0.4970 0.5000 0.4035 0.4561 0.4317 0.4735 0.2292 0.1944 0.1733 0.2295 0.0032 0.0000 0.0000 0.0043 0.0000
1.0000 0.4505 0.5119 0.4578 0.5310 0.4964 0.4596 0.4811 0.4817 0.4400 0.4676 0.4633 0.5182 0.5294 0.5067 0.4242 0.5098 0.2414 0.2132 0.1126 0.1018 0.0071 0.0000 0.0030 0.0042 0.0000
1.0000 0.5273 0.4646 0.4917 0.4928 0.5058 0.4667 0.5000 0.5000 0.4444 0.4813 0.4718 0.4891 0.4364 0.4592 0.4331 0.5537 0.3234 0.1264 0.1546 0.0886 0.0000 0.0000 0.0033 0.0000 0.0000
1.0000 0.5122 0.4618 0.5165 0.5298 0.4878 0.4841 0.5088 0.4531 0.4267 0.5147 0.4369 0.5510 0.4769 0.5242 0.4372 0.4793 0.5441 0.0000 0.0000 0.0000 0.0000 0.0000 0.0000 0.0042 0.0000
1.0000 0.5156 0.5354 0.4600 0.5760 0.5071 0.4408 0.4683 0.5096 0.4688 0.4615 0.5050 0.5192 0.5217 0.4722 0.4565 0.4855 0.0039 0.5263 0.0000 0.0000 0.0000 0.0000 0.0000 0.0000 0.0000
1.0000 0.4987 0.4681 0.5213 0.5941 0.4952 0.4860 0.5233 0.4514 0.4513 0.4589 0.4696 0.4714 0.4774 0.5240 0.4111 0.4868 0.0000 0.5050 0.4851 0.4565 0.4872 0.5667 0.4861 0.4895 0.3965
1.0000 0.5284 0.4981 0.4836 0.4676 0.4433 0.4837 0.5251 0.4767 0.4564 0.4604 0.4920 0.5310 0.5692 0.5000 0.4368 0.5000 0.0000 0.5470 0.5014 0.5056 0.5081 0.4699 0.4866 0.4332 0.4504
1.0000 0.4974 0.5198 0.5019 0.5478 0.5180 0.4877 0.4437 0.4887 0.5024 0.4944 0.5201 0.4952 0.5283 0.4858 0.4363 0.5188 0.0000 0.4733 0.5232 0.4236 0.4588 0.3766 0.4818 0.4035 0.4012
1.0000 0.4716 0.5123 0.5442 0.4590 0.4423 0.5139 0.4654 0.4790 0.4538 0.4194 0.4521 0.4803 0.4915 0.5233 0.4434 0.5000 0.0000 0.5047 0.4747 0.4828 0.4823 0.5556 0.4503 0.4845 0.4106
1.0000 0.4781 0.5019 0.5111 0.4651 0.4792 0.4640 0.4873 0.5112 0.4579 0.4508 0.4970 0.3878 0.4412 0.4704 0.4450 0.4961 0.0000 0.4549 0.4286 0.5163 0.5148 0.5185 0.4719 0.4691 0.4384
1.0000 0.4878 0.5054 0.4525 0.5689 0.4818 0.4695 0.4730 0.4882 0.5177 0.5033 0.4580 0.4553 0.5972 0.4884 0.4555 0.4879 0.0000 0.5017 0.5056 0.5065 0.5306 0.5147 0.4845 0.4532 0.4390
1.0000 0.4928 0.5079 0.4456 0.5652 0.4672 0.4771 0.4527 0.4895 0.5388 0.4951 0.4903 0.4052 0.8571 0.4187 0.7155 0.5166 0.0044 0.4770 0.5053 0.7436 0.4639 0.3279 0.4334 0.4449 0.4416
1.0000 0.5072 0.5029 0.5543 0.5409 0.4828 0.4790 0.4771 0.4873 0.4735 0.5173 0.4260 0.5951 0.6444 0.4749 0.5069 0.4501 0.0000 0.4815 0.4801 0.5837 0.5317 0.4333 0.4843 0.4679 0.4274
1.0000 0.4951 0.5023 0.5039 0.4954 0.4890 0.4331 0.4561 0.4863 0.4833 0.5393 0.4239 0.5402 0.5385 0.4703 0.4869 0.4564 0.0000 0.4674 0.4531 0.4876 0.4941 0.3778 0.5441 0.4670 0.4286
1.0000 0.4928 0.4224 0.5000 0.4444 0.4800 0.4470 0.5147 0.5065 0.5291 0.4577 0.4816 0.4234 0.4937 0.5092 0.4601 0.4869 0.0038 0.4774 0.4187 0.5000 0.5077 0.5000 0.4870 0.4466 0.3994
1.0000 0.4896 0.5573 0.4915 0.5049 0.4620 0.5229 0.4767 0.5017 0.5092 0.4538 0.4940 0.4872 0.5333 0.5455 0.4248 0.4444 0.0000 0.5000 0.4903 0.3577 0.4777 0.5909 0.4692 0.5000 0.4504
1.0000 0.4656 0.4777 0.5170 0.5500 0.5378 0.5508 0.4477 0.5226 0.4727 0.4727 0.4377 0.5053 0.5185 0.4372 0.4069 0.5217 0.0000 0.5382 0.4823 0.4276 0.4773 0.4432 0.5063 0.4942 0.3947
1.0000 0.4944 0.4545 0.5000 0.4124 0.4574 0.4981 0.4767 0.4793 0.4898 0.4724 0.4816 0.4684 0.3559 0.5777 0.4385 0.5292 0.0000 0.4979 0.4449 0.4155 0.5061 0.4308 0.4704 0.4740 0.4257
1.0000 0.5266 0.4625 0.4816 0.4865 0.4684 0.5106 0.4816 0.4825 0.5395 0.4615 0.4828 0.4500 0.4746 0.4545 0.3923 0.5016 0.0097 0.4894 0.4878 0.4688 0.4921 0.4909 0.4549 0.5205 0.4549
1.0000 0.5391 0.4677 0.5246 0.4622 0.5064 0.5085 0.4815 0.4580 0.4927 0.4286 0.4763 0.4630 0.4918 0.5244 0.4234 0.4658 0.0040 0.5018 0.4497 0.4540 0.4700 0.4706 0.4795 0.4791 0.4088
1.0000 0.4632 0.5292 0.4868 0.5669 0.4532 0.4835 0.4897 0.4891 0.5000 0.4441 0.4930 0.4274 0.5217 0.4820 0.4623 0.4598 0.2414 0.0617 0.0704 0.0682 0.0214 0.0000 0.0000 0.0000 0.0000
1.0000 0.5200 0.4681 0.5303 0.5339 0.5164 0.4928 0.4924 0.4872 0.5053 0.4758 0.4396 0.5208 0.4643 0.4571 0.4602 0.4739 0.3184 0.1172 0.0943 0.1037 0.0153 0.0000 0.0000 0.0000 0.0000
1.0000 0.5240 0.5287 0.4496 0.4545 0.5067 0.4591 0.4953 0.4492 0.4722 0.4676 0.5068 0.4182 0.4000 0.5119 0.4177 0.3474 0.0720 0.0504 0.0740 0.0600 0.0031 0.0000 0.0000 0.0000 0.0000
1.0000 0.4019 0.4959 0.4764 0.4833 0.5259 0.5110 0.4384 0.5075 0.4598 0.4272 0.4751 0.5319 0.4655 0.4440 0.4923 0.4334 0.1121 0.0562 0.0597 0.0683 0.0000 0.0000 0.0000 0.0000 0.0000
1.0000 0.5536 0.5100 0.4983 0.5036 0.5067 0.4709 0.5029 0.4855 0.4679 0.5129 0.4708 0.4854 0.5000 0.5432 0.4608 0.4877 0.2023 0.0399 0.0286 0.0376 0.0000 0.0000 0.0000 0.0000 0.0000
1.0000 0.5062 0.4053 0.4701 0.5060 0.4860 0.4770 0.4504 0.4989 0.4556 0.4608 0.4940 0.4720 0.4384 0.4890 0.4152 0.4772 0.0213 0.5122 0.0561 0.0408 0.0000 0.0000 0.0027 0.0000 0.0000
1.0000 0.4840 0.4606 0.5084 0.5043 0.4691 0.4839 0.5348 0.5027 0.4629 0.4564 0.5126 0.5273 0.5469 0.4711 0.4504 0.0063 0.0000 0.0000 0.0000 0.0000 0.0000 0.0000 0.0000 0.0000 0.0000
1.0000 0.4724 0.4592 0.4569 0.5496 0.5286 0.5374 0.4684 0.4944 0.4811 0.4351 0.4657 0.4796 0.5645 0.4453 0.4290 0.4938 0.0000 0.2022 0.1521 0.1284 0.1868 0.0000 0.0000 0.0000 0.0000
1.0000 0.4624 0.5076 0.5154 0.4943 0.5101 0.5228 0.5033 0.4481 0.4876 0.4884 0.4742 0.4818 0.5000 0.5305 0.4277 0.4855 0.2379 0.2022 0.2029 0.1912 0.0028 0.0000 0.0000 0.0000 0.0000
1.0000 0.5317 0.5092 0.4800 0.5512 0.4919 0.5344 0.5097 0.4958 0.5325 0.5069 0.4735 0.4327 0.5077 0.4712 0.4830 0.4437 0.2385 0.2301 0.0776 0.1257 0.0000 0.0000 0.0072 0.0044 0.0000
1.0000 0.4737 0.4753 0.4726 0.5000 0.4622 0.4656 0.5240 0.5175 0.5484 0.4464 0.4925 0.4464 0.4886 0.4814 0.4173 0.4643 0.2476 0.1710 0.1108 0.1562 0.0000 0.0000 0.0027 0.0000 0.0000
1.0000 0.5616 0.4909 0.5000 0.4793 0.4844 0.5288 0.4839 0.4841 0.4619 0.5032 0.4496 0.4580 0.4737 0.4898 0.4866 0.4803 0.5324 0.0000 0.0000 0.0000 0.0000 0.0000 0.0063 0.0000 0.0000
