161 88 228 231 203 122 0 217 235 249 2 240 251 0 290 19 7 265 104 0 5 70 148 214 36 1
90 74 81 108 119 69 0 111 112 159 0 130 126 0 150 17 16 145 49 0 6 36 147 95 10 0
104 91 107 110 133 58 0 121 127 145 1 139 152 1 173 31 30 143 42 16 16 41 164 127 13 1
90 24 73 104 124 73 0 103 109 144 1 113 153 1 150 17 20 165 41 0 10 24 128 110 14 1
129 48 107 130 138 76 0 139 151 216 1 150 188 1 172 25 27 186 54 0 7 31 181 130 17 0
71 43 104 115 130 62 0 120 122 166 0 137 164 0 168 10 7 181 54 2 3 38 167 104 8 0
125 10 97 137 168 69 0 133 147 171 0 160 166 1 158 179 43 161 56 0 26 35 168 121 14 1
110 19 93 115 111 66 0 141 131 151 4 128 162 1 149 100 121 185 46 0 62 28 150 125 12 1
107 0 86 90 112 47 0 105 132 157 1 137 144 0 173 5 7 166 49 0 4 31 16 106 3 0
105 0 103 138 124 79 0 129 135 174 0 142 150 0 148 52 45 184 60 44 25 33 191 112 9 2
90 58 120 114 152 69 0 129 142 199 0 167 182 0 178 56 61 200 59 1 42 23 179 104 17 1
100 56 77 129 114 60 0 138 137 182 1 158 148 0 153 58 34 184 57 2 17 36 208 114 14 1
116 65 88 118 118 68 0 131 116 178 1 134 140 0 161 33 45 171 45 0 14 24 201 107 9 0
105 111 96 115 141 80 0 120 158 174 0 142 168 0 173 0 0 169 54 0 0 31 174 141 7 1
99 1 105 136 138 72 0 143 126 194 0 151 160 0 155 140 0 186 54 0 0 36 167 102 15 0
198 0 204 213 208 142 85 206 229 289 228 216 261 224 270 252 276 232 107 209 152 74 240 273 35 210
121 0 110 131 147 65 39 125 157 204 182 185 178 159 199 163 175 184 77 157 90 37 201 123 13 107
94 0 104 131 129 63 29 144 132 154 146 181 139 130 130 133 158 195 52 117 61 28 166 103 9 92
108 0 113 125 160 56 35 115 117 188 145 151 203 140 168 162 188 171 61 136 84 29 193 135 14 125
109 0 87 135 138 60 42 127 142 182 143 164 200 146 172 126 147 206 38 139 95 30 190 119 16 114
120 0 117 141 138 95 35 146 154 210 172 169 200 151 193 151 182 207 56 156 78 43 182 126 14 121
102 1 111 128 127 78 20 121 151 171 140 151 156 140 153 135 190 209 47 122 58 42 187 103 13 109
140 0 134 174 189 86 39 168 179 220 201 167 240 200 208 195 193 231 97 201 129 58 212 161 10 146
102 0 87 110 129 54 17 111 151 167 148 117 136 120 135 122 140 160 47 126 59 28 136 103 10 92
103 1 100 98 141 60 36 132 130 196 168 144 177 133 158 137 139 195 47 132 78 39 186 138 13 113
94 0 83 107 116 52 26 85 108 144 122 123 160 109 133 118 127 147 38 107 49 24 128 96 16 101
88 0 104 118 152 77 39 128 130 164 161 130 179 120 154 134 150 185 48 126 65 28 168 101 10 128
89 0 72 100 111 40 28 102 120 139 135 144 133 106 133 117 113 162 37 125 59 21 172 119 13 91
109 2 123 111 118 54 27 111 120 153 126 140 145 126 157 115 140 165 45 124 60 28 158 105 15 114
124 1 101 116 149 55 32 158 141 174 152 161 179 130 169 141 152 180 50 133 74 30 170 118 20 126
107 63 112 145 147 72 0 121 131 196 0 177 191 0 191 20 25 201 50 7 12 36 183 134 14 0
91 71 95 110 140 63 0 126 118 156 0 120 137 0 162 28 30 152 50 4 14 26 136 96 12 0
109 18 102 129 125 55 0 151 137 165 0 150 146 0 158 14 23 168 46 1 9 32 132 151 10 0
84 25 103 120 121 58 0 122 129 193 0 143 162 0 146 14 20 170 50 0 11 27 140 107 14 0
129 53 102 127 146 69 0 152 159 194 0 161 186 0 174 12 10 201 50 0 7 34 179 132 8 0
122 6 123 137 157 84 0 156 153 208 1 166 197 0 186 147 23 229 59 0 8 32 209 156 8 0
106 0 81 117 121 58 0 114 131 168 0 142 150 0 169 0 0 185 58 0 0 35 2 106 0 0
94 0 102 107 122 72 0 120 114 148 0 129 158 0 163 54 47 178 47 51 19 35 158 110 8 0
123 69 138 167 167 87 0 151 189 213 0 193 241 0 227 75 85 203 66 1 39 42 218 174 18 0
109 52 90 111 120 70 0 122 147 170 2 125 163 0 158 55 27 175 45 0 21 33 138 98 6 1
117 79 136 154 155 75 0 159 150 212 1 198 203 0 218 53 47 237 50 0 35 43 195 155 27 0
123 115 97 135 158 58 0 140 158 200 2 156 193 0 180 0 0 198 60 0 0 36 183 120 12 0
