359 397 426 483 402 215 172 448 483 629 492 544 540 483 562 489 584 585 220 459 317 140 544 455 91 437
187 208 179 205 230 132 67 237 225 373 298 253 273 296 290 241 304 312 108 216 141 63 295 202 18 200
202 237 207 225 258 116 65 248 272 373 283 310 300 320 332 270 292 336 97 288 157 81 333 236 26 237
179 231 162 209 226 134 46 208 250 332 259 245 319 292 300 232 290 310 91 229 128 52 313 228 25 195
245 241 236 268 287 155 60 277 315 474 357 328 368 346 357 283 339 390 106 287 167 60 382 272 32 254
163 200 240 235 241 124 75 268 261 372 301 307 321 307 309 238 333 341 112 249 154 78 335 239 22 212
241 248 221 274 314 150 64 281 321 424 343 339 358 320 336 321 360 365 114 275 169 74 351 257 22 282
202 219 199 224 222 133 64 235 254 359 302 266 311 301 290 277 290 355 103 257 158 57 313 252 28 188
193 215 174 214 218 97 54 224 278 334 302 280 281 284 345 235 308 369 93 237 135 57 358 215 25 213
190 235 224 262 259 155 58 286 267 405 331 297 311 334 337 259 320 358 107 297 169 62 372 221 28 250
225 253 225 242 301 125 66 279 300 461 315 336 369 351 353 288 352 419 118 308 183 57 378 228 41 235
222 232 175 252 249 113 66 278 293 429 338 341 322 335 318 272 302 382 110 282 167 68 408 225 28 238
220 201 198 254 240 138 62 259 241 411 306 284 300 307 322 261 291 342 92 269 158 55 363 233 26 239
205 204 225 249 273 151 66 246 307 398 330 325 347 292 340 277 340 373 98 267 146 65 363 269 15 240
192 258 224 254 300 125 69 282 273 425 307 299 363 346 331 266 360 365 104 290 168 69 344 216 23 235
397 435 452 455 399 239 150 416 499 703 469 460 537 565 516 499 569 514 227 429 333 155 493 521 80 429
229 282 241 263 304 139 83 282 341 467 374 376 368 353 379 298 349 386 145 309 178 65 402 246 23 247
189 243 207 252 257 115 77 278 267 353 303 348 285 324 293 281 302 399 105 255 144 53 320 212 17 228
229 265 249 244 294 122 63 260 279 424 322 334 395 341 361 321 396 357 127 282 174 59 386 258 33 258
228 276 190 269 270 129 81 265 315 409 303 330 431 333 353 277 343 403 98 270 184 68 383 253 34 243
246 283 226 279 305 167 68 303 306 461 355 369 426 344 408 301 360 424 123 294 154 72 373 258 30 267
207 225 206 252 285 138 61 259 305 239 323 308 327 317 338 283 376 427 116 263 78 49 362 246 35 245
276 290 283 346 341 159 90 348 346 434 415 392 501 468 436 405 402 474 163 378 221 90 471 339 28 312
206 206 180 219 256 109 45 227 280 343 272 276 314 280 296 261 309 329 87 255 121 52 298 219 20 197
209 264 189 232 282 135 72 275 284 426 345 299 396 333 307 287 332 385 111 260 156 79 382 271 28 253
192 196 163 192 236 103 44 184 238 339 260 249 306 242 279 236 259 293 78 224 137 45 288 176 26 202
189 223 220 247 294 140 88 238 275 403 318 297 325 304 344 249 311 354 95 264 152 54 322 231 28 259
180 212 147 220 222 97 65 223 254 317 287 299 267 249 279 235 254 338 79 247 142 59 325 206 21 192
207 206 228 240 245 111 55 237 260 390 277 290 284 277 326 235 287 342 100 252 128 59 315 231 31 219
230 247 205 248 284 119 68 312 329 411 317 338 352 318 351 281 338 393 108 283 163 61 365 225 38 263
231 261 224 274 302 127 72 267 295 424 335 359 395 377 390 324 355 411 117 327 176 69 398 278 28 271
175 223 188 235 264 118 57 244 248 339 295 273 278 299 329 239 318 312 96 261 135 56 287 210 29 208
208 250 216 244 278 121 73 298 293 395 310 296 318 328 319 278 311 374 110 319 150 80 380 295 27 220
209 223 224 242 254 120 64 232 302 392 304 301 317 265 333 249 335 335 94 307 161 58 323 241 33 222
233 262 218 249 293 137 71 300 310 421 363 342 395 320 346 301 350 414 103 260 186 68 367 243 18 265
241 282 270 338 334 166 81 321 332 501 364 336 413 380 413 287 410 459 125 350 196 73 438 319 19 262
219 224 175 254 238 115 71 243 287 373 310 277 310 309 316 258 291 368 110 283 172 64 320 225 30 205
199 231 212 233 267 131 49 227 262 345 325 277 294 307 348 267 309 360 98 273 148 62 320 247 20 231
266 290 283 329 324 176 84 296 387 498 399 407 461 437 451 371 419 453 137 351 204 84 449 328 39 355
205 218 169 218 250 127 58 248 290 352 279 264 305 319 310 239 348 353 104 269 167 65 311 208 26 229
247 319 248 324 328 150 84 344 336 508 376 402 436 395 416 310 424 458 112 368 224 88 420 322 47 322
219 216 210 275 316 121 75 289 314 411 315 347 365 364 372 359 361 409 131 258 196 76 381 245 28 238
