1.0000 0.4080 0.3758 0.3792 0.3301 0.3980 0.3961 0.4340 0.4320 0.3828 0.4090 0.4142 0.3885 0.3743 0.3810 0.3831 0.3914 0.3854 0.0000 0.0043 0.0000 0.0019 0.0000 0.0016 0.0000 0.0068 0.0000 0.0000 0.0029 0.0000 0.0049 0.0000 0.0000 0.0015 0.0042 0.0000 0.0000 0.0019 0.0000 0.0000 0.0667 0.0667
1.0000 0.4450 0.4184 0.4173 0.5260 0.4766 0.4623 0.4971 0.4565 0.4223 0.4286 0.4369 0.4379 0.4197 0.3905 0.4252 0.4244 0.4489 0.4924 0.4183 0.4370 0.4147 0.4194 0.4407 0.4444 0.3945 0.4275 0.4423 0.4257 0.4178 0.4427 0.4219 0.4051 0.4349 0.4485 0.4543 0.4128 0.4027 0.3987 0.3304 0.0000 0.0000
1.0000 0.4806 0.5983 0.5167 0.3780 0.5045 0.4654 0.5586 0.4444 0.4870 0.5054 0.5043 0.4857 0.4843 0.4811 0.4529 0.4718 0.4851 0.5135 0.5563 0.4360 0.3953 0.4494 0.4965 0.5388 0.5306 0.4637 0.4649 0.4186 0.4958 0.4393 0.4493 0.5280 0.5235 0.5130 0.5062 0.4515 0.4923 0.4516 0.3780 0.0000 0.0000
1.0000 0.5364 0.4541 0.4654 0.4424 0.5172 0.4805 0.4796 0.4239 0.4887 0.4719 0.5149 0.4734 0.5631 0.5057 0.4727 0.3895 0.5248 0.4538 0.5055 0.4834 0.4787 0.4548 0.4837 0.4891 0.6237 0.5134 0.4710 0.4885 0.4366 0.4908 0.4564 0.4449 0.4858 0.5025 0.5862 0.4637 0.4138 0.4321 0.1589 0.0000 0.0000
1.0000 0.4970 0.4943 0.4624 0.5067 0.4683 0.4613 0.5370 0.4578 0.4646 0.4039 0.4926 0.4825 0.6603 0.5052 0.4686 0.3871 0.4715 0.5074 0.5055 0.4822 0.5350 0.5290 0.4689 0.4828 0.5263 0.4711 0.4694 0.5027 0.3837 0.4268 0.4286 0.5374 0.5079 0.4892 0.5532 0.4423 0.4555 0.4419 0.1405 0.0000 0.0000
1.0000 0.4578 0.4908 0.4769 0.5071 0.5226 0.5255 0.5691 0.4318 0.5375 0.4714 0.4495 0.4400 0.6453 0.4867 0.5046 0.3339 0.5219 0.6306 0.4881 0.5195 0.4764 0.5120 0.4776 0.4979 0.4426 0.4889 0.4539 0.5193 0.3912 0.4688 0.4885 0.4837 0.4277 0.5924 0.4681 0.0032 0.0000 0.0213 0.0000 0.0000 0.0000
1.0000 0.4244 0.5455 0.4331 0.4643 0.4679 0.5139 0.5759 0.5285 0.4795 0.5480 0.4790 0.5417 0.5437 0.5066 0.4962 0.4483 0.5269 0.5353 0.4595 0.5068 0.4727 0.4638 0.4960 0.4471 0.6792 0.4664 0.4771 0.5282 0.5198 0.4944 0.4861 0.4393 0.4981 0.5656 0.6579 0.4316 0.4315 0.3902 0.1917 0.0000 0.0000
1.0000 0.4984 0.4932 0.4639 0.4130 0.5223 0.5197 0.4670 0.4542 0.5216 0.4258 0.4742 0.4767 0.4671 0.4917 0.4502 0.4860 0.5204 0.6447 0.5233 0.4866 0.4849 0.5309 0.4858 0.4760 0.4819 0.4908 0.4299 0.4233 0.4690 0.4395 0.4848 0.4400 0.5085 0.5385 0.4516 0.0191 0.0239 0.0423 0.0065 0.0000 0.0000
1.0000 0.5465 0.5300 0.4388 0.5067 0.4779 0.4455 0.5312 0.5000 0.4642 0.4835 0.5000 0.4602 0.5104 0.5272 0.5084 0.4771 0.5212 0.5179 0.5678 0.4656 0.5227 0.4574 0.4694 0.5447 0.4878 0.4840 0.4507 0.5068 0.4396 0.4574 0.5196 0.4876 0.5074 0.4863 0.4479 0.5455 0.4587 0.4769 0.4459 0.0000 0.0000
1.0000 0.5209 0.3432 0.5034 0.5000 0.6131 0.4403 0.5127 0.4871 0.5242 0.4704 0.4565 0.5174 0.4635 0.5031 0.4557 0.4924 0.4505 0.5172 0.4977 0.4973 0.4595 0.4953 0.4874 0.4748 0.5109 0.4585 0.4475 0.4689 0.5497 0.4274 0.4590 0.5440 0.5320 0.4778 0.5053 0.5088 0.4842 0.4935 0.3700 0.0000 0.0000
1.0000 0.3746 0.4968 0.3850 0.5909 0.4238 0.5071 0.5468 0.4615 0.4744 0.4688 0.5535 0.4748 0.5383 0.4775 0.4811 0.4651 0.4514 0.5622 0.5843 0.4510 0.5068 0.4606 0.5299 0.5755 0.4878 0.4438 0.4681 0.5088 0.4735 0.4331 0.4464 0.4608 0.5387 0.5390 0.5238 0.4906 0.4658 0.4194 0.3750 0.0000 0.0000
1.0000 0.4829 0.4895 0.5230 0.4641 0.3862 0.5052 0.5464 0.4524 0.4480 0.4578 0.4341 0.4292 0.4777 0.5050 0.5000 0.4989 0.5309 0.4486 0.5677 0.4836 0.5102 0.4843 0.4977 0.4823 0.5147 0.4723 0.4353 0.5270 0.4373 0.5036 0.4333 0.4510 0.5192 0.4872 0.6058 0.5449 0.4745 0.4531 0.1553 0.0000 0.0000
1.0000 0.4959 0.4972 0.4692 0.4472 0.5085 0.4845 0.5093 0.4528 0.5390 0.5000 0.5316 0.4472 0.5515 0.4626 0.4917 0.4331 0.4727 0.4750 0.5022 0.4677 0.4786 0.4611 0.4977 0.4740 0.4375 0.4761 0.4688 0.4128 0.4469 0.5190 0.4709 0.4981 0.5076 0.5401 0.5906 0.5224 0.4636 0.5067 0.0215 0.0109 0.0109
