215 0 0 204 138 124 212 1 101 0 0 216 1 1 0 160 164 1 1 265 204 152 1 0 0 0 184 1 2 218 121 0 2 222 148 0 9 0 0 0 0 9
275 253 220 270 171 200 265 86 162 151 274 252 238 324 234 220 207 172 183 320 243 225 214 216 61 206 180 301 166 253 204 127 233 277 254 144 0 284 192 50 420 0
99 109 93 101 62 70 124 26 48 79 134 96 128 145 106 94 93 54 59 142 108 59 85 111 14 117 102 140 76 125 56 62 79 130 68 41 0 111 85 11 152 0
177 175 134 148 94 84 175 58 73 51 191 142 132 188 138 130 126 106 101 231 290 104 157 156 35 124 177 193 133 156 75 89 92 222 89 51 0 134 117 21 216 0
163 149 115 125 116 87 160 40 76 42 179 114 128 192 138 118 103 94 68 204 313 100 153 146 19 99 146 166 102 149 59 69 92 174 69 52 0 126 115 17 207 0
152 173 1 165 103 80 165 27 71 0 176 114 0 142 128 129 107 94 93 193 322 89 131 171 2 115 146 181 120 166 81 85 82 203 66 44 0 116 89 30 408 0
101 112 82 111 91 72 123 36 52 37 125 130 104 130 104 82 97 75 69 143 137 57 104 109 16 118 115 125 89 129 51 70 68 147 65 50 0 76 76 14 182 0
153 164 6 158 85 72 180 40 57 2 186 139 8 179 135 133 109 91 77 191 142 92 145 172 3 136 148 188 98 149 82 96 101 204 82 42 0 129 110 45 392 0
188 142 174 147 119 115 183 40 76 136 197 160 150 206 128 123 117 111 89 208 172 91 173 145 31 131 165 192 102 181 65 93 113 246 81 43 0 140 118 26 232 0
199 183 145 140 121 58 223 47 67 111 188 132 169 191 145 141 127 98 86 226 146 84 142 158 38 166 160 193 103 180 84 84 108 200 89 48 0 113 136 20 241 0
115 138 131 143 111 78 149 40 78 105 162 138 136 195 132 111 105 87 76 213 204 88 150 146 26 125 138 186 110 153 64 75 97 167 66 55 0 122 100 22 235 0
169 177 170 196 106 93 216 35 84 50 196 157 158 216 138 125 141 117 95 221 193 79 175 154 29 150 153 215 138 176 56 78 130 232 91 63 0 136 115 17 179 0
181 188 175 172 109 89 183 42 72 7 209 144 172 201 150 152 148 90 101 285 321 101 179 154 38 143 161 219 150 178 90 97 113 208 89 75 1 137 133 14 247 1
