527 532 555 515 318 330 559 147 306 438 655 500 534 687 531 418 401 344 240 677 545 367 513 506 164 481 483 610 409 569 304 329 460 576 381 250 135 412 466 69 732 135
618 579 533 584 344 478 635 218 308 457 641 552 591 745 529 521 483 404 408 754 579 515 516 515 153 493 461 683 375 595 428 301 557 617 580 317 208 639 474 81 853 208
206 250 206 217 111 117 240 49 127 209 289 216 260 277 228 193 184 129 115 301 223 117 215 247 31 236 212 282 173 276 111 138 142 268 140 81 90 206 161 15 296 90
330 362 289 308 196 185 376 93 165 321 372 335 319 387 293 266 267 217 201 593 515 202 328 343 81 284 350 399 271 330 145 195 182 423 188 87 113 274 263 31 476 113
328 309 260 271 216 176 346 76 150 299 380 249 281 378 294 254 255 187 139 527 474 203 286 276 43 258 289 354 239 318 126 161 182 369 143 94 89 261 214 20 408 89
332 333 309 314 181 163 346 61 140 249 360 264 291 332 282 240 227 181 157 578 499 198 275 334 94 294 300 379 256 329 155 174 168 389 150 94 105 233 184 33 647 105
238 221 190 216 158 132 284 53 112 193 268 246 241 261 218 171 177 142 122 319 252 119 220 235 41 227 227 252 180 260 109 144 148 279 120 76 80 170 173 19 340 80
307 337 314 304 182 146 388 83 138 309 379 306 335 352 314 255 256 215 143 393 304 194 299 324 71 290 301 387 223 331 157 198 193 392 172 93 108 271 250 56 608 108
344 305 319 330 224 217 417 82 150 305 407 320 327 406 284 265 242 219 183 436 337 182 331 317 65 298 313 409 223 356 136 179 199 472 176 96 102 257 242 34 448 102
382 368 285 318 236 169 443 92 134 300 410 271 349 359 324 269 270 209 180 459 315 184 309 319 77 302 318 396 241 395 137 183 217 444 172 95 78 238 250 33 466 78
307 306 267 282 203 157 387 82 132 280 365 299 292 362 282 234 224 171 141 458 379 159 296 317 62 264 289 351 254 318 151 168 166 370 139 105 93 212 217 36 418 93
350 366 312 388 194 190 413 68 181 322 415 347 333 416 317 279 308 222 195 443 404 182 343 318 64 343 303 432 274 352 145 180 229 437 212 104 115 282 255 24 399 115
365 402 335 355 214 179 390 96 161 326 439 318 371 396 320 282 296 218 187 658 582 190 374 334 75 320 348 440 289 362 177 206 225 440 199 127 92 289 267 22 520 92
