667 587 510 328 463 194 525 551 268 451 674 632 624 486 268 650 480 705 564 297 165 688 404 528 587 375 344 165 336 586 517 571 649 553 473 409 570 680 643 522 702 499 566 606 745 376 223 298 125 535 534 528 639 354 388 343 643 587 649 626 587 426 581 587 412 460 751 460 416 399 705 733 188 306 256 106 288 156
282 247 253 112 213 44 173 246 105 185 339 331 272 235 80 276 212 295 250 131 29 320 130 280 305 199 186 59 74 252 221 214 163 227 223 194 212 286 288 247 304 245 239 269 274 215 60 123 26 249 269 235 276 171 157 73 301 284 195 261 232 206 257 168 177 232 305 169 193 167 269 289 71 118 91 27 137 24
282 247 263 135 210 43 196 268 107 155 322 308 282 241 78 298 242 287 251 140 28 323 127 288 291 168 199 68 89 240 203 198 186 223 205 183 230 254 309 211 323 256 255 316 271 182 65 101 19 226 265 271 288 145 170 88 322 301 177 248 239 209 298 179 173 217 281 165 179 178 297 316 96 123 107 16 124 25
344 295 305 154 268 56 219 280 105 202 353 329 318 242 83 332 240 327 280 173 33 359 125 320 320 206 196 57 81 266 243 211 205 259 245 228 306 321 385 258 395 280 280 300 292 204 79 126 15 248 271 307 298 189 191 90 340 312 272 297 253 221 300 184 197 232 294 206 192 196 313 341 85 139 136 23 136 45
335 296 260 137 229 53 184 264 120 172 316 274 261 217 99 296 233 286 260 139 29 303 131 305 294 178 210 55 114 233 197 197 195 255 208 194 242 303 333 214 318 242 270 282 262 207 70 119 34 247 244 304 234 178 172 100 281 309 196 299 239 205 286 156 178 215 294 175 163 201 289 323 86 122 85 22 123 39
261 247 244 107 183 39 192 209 75 146 260 251 240 183 74 278 213 225 233 152 29 297 104 288 239 166 170 59 65 218 197 175 170 203 190 168 212 239 277 173 311 210 224 267 227 165 62 100 19 210 227 226 211 142 112 82 248 257 249 260 200 238 328 182 157 212 231 151 153 170 253 275 65 110 77 15 112 40
223 317 294 138 249 44 212 259 108 203 342 263 278 265 80 295 244 349 281 154 25 307 137 317 312 183 205 64 90 279 255 199 198 248 226 200 273 309 365 246 357 267 287 283 265 197 65 121 35 270 269 286 284 174 180 74 287 276 282 286 260 194 285 178 199 273 288 180 181 234 321 340 98 151 113 23 142 46
337 236 247 115 231 43 207 257 108 176 312 305 286 250 92 300 199 298 276 135 32 307 106 279 320 193 206 76 100 246 217 164 197 237 200 190 256 290 327 237 314 236 267 288 308 195 76 126 31 259 256 263 264 169 160 93 322 266 301 289 230 196 263 161 201 266 285 146 205 193 290 305 82 147 101 22 147 43
770 686 548 314 516 172 540 502 316 469 626 542 589 590 281 607 487 727 528 357 162 753 413 550 648 406 385 184 384 612 509 508 627 567 550 478 641 764 684 564 724 566 557 620 709 381 271 366 143 578 566 631 628 391 424 383 646 645 741 650 592 412 519 504 414 510 733 570 459 429 664 683 211 349 243 112 325 170
386 290 294 136 259 42 262 305 147 211 382 282 308 244 112 322 256 373 304 138 24 391 151 370 329 222 237 57 90 282 238 203 209 255 274 218 269 364 359 264 387 321 280 327 307 212 72 131 28 259 305 330 308 214 216 109 333 333 306 340 289 243 260 178 175 283 347 211 193 184 352 368 95 161 125 30 190 42
345 288 252 139 263 45 202 271 106 200 321 285 303 248 113 281 219 400 256 161 38 329 141 303 325 199 196 54 90 280 245 183 209 257 230 201 288 343 353 275 373 294 302 290 308 197 67 131 24 263 294 266 314 192 189 96 305 273 298 266 287 184 252 159 161 251 299 176 173 192 309 338 84 156 85 28 170 37
312 266 244 141 229 39 178 224 109 177 312 235 273 182 84 240 190 301 211 124 32 247 112 242 287 162 177 47 93 237 191 163 155 222 221 191 263 290 287 210 326 223 238 243 229 153 72 118 22 196 240 251 241 137 159 73 264 274 227 281 227 159 223 126 173 233 269 147 172 167 281 302 92 132 74 23 121 32
299 266 239 147 221 45 210 217 84 187 283 285 244 234 73 275 177 278 273 135 25 314 112 291 278 163 173 50 86 235 209 146 186 213 183 180 243 339 327 232 316 264 248 248 262 202 66 112 26 224 210 264 249 144 149 85 289 293 297 288 204 198 239 136 168 238 295 168 147 182 275 289 86 129 80 28 119 36
328 256 229 129 211 52 196 242 121 168 294 267 290 225 88 264 213 286 239 133 34 312 110 294 279 163 172 56 95 249 219 194 196 238 215 185 237 310 350 228 339 248 260 276 268 160 76 131 23 252 255 271 277 160 161 82 258 295 272 282 225 175 211 162 157 214 315 167 168 190 294 308 96 144 81 26 139 37
369 304 280 145 236 66 243 286 109 231 370 329 348 292 100 311 259 395 307 192 39 371 138 323 344 184 234 60 87 292 261 208 210 275 275 244 326 343 372 291 443 292 316 269 306 189 70 132 38 277 288 335 298 167 181 96 324 295 347 329 300 232 272 181 187 260 341 169 165 204 304 351 99 171 112 16 150 65
261 259 237 148 206 44 217 204 109 188 305 248 247 220 61 246 207 278 228 128 28 283 133 265 286 170 165 59 79 255 240 162 163 195 210 162 249 270 287 242 309 266 276 232 220 164 56 124 32 222 250 273 247 143 169 79 263 269 282 237 242 168 210 126 167 225 238 124 159 188 319 325 81 135 75 34 125 49
393 294 270 127 242 39 241 269 124 210 384 270 333 260 93 246 223 372 270 152 34 337 143 289 325 185 202 65 86 313 286 182 179 239 241 221 278 369 359 297 393 272 312 278 258 171 66 155 33 301 297 281 280 182 211 83 359 334 318 279 296 186 215 149 198 247 277 142 165 213 298 339 80 163 102 22 161 39
336 287 281 150 254 43 192 271 119 192 359 309 293 281 99 306 244 339 270 185 39 364 140 348 315 198 230 58 79 254 241 232 216 287 271 207 283 311 374 256 371 256 286 340 300 226 72 133 14 289 286 266 300 188 211 82 336 302 332 321 271 220 292 189 182 261 315 196 184 204 320 341 106 124 98 21 166 38
326 287 235 135 210 40 190 220 112 170 295 280 274 234 84 260 198 318 284 134 39 324 111 301 312 171 179 53 71 250 226 144 166 234 206 205 234 353 320 254 336 250 282 267 249 178 51 131 33 242 222 266 290 166 170 77 282 265 287 243 232 186 206 152 154 229 247 171 135 204 271 286 82 163 75 23 129 31
338 309 282 143 223 56 244 291 119 198 357 296 332 246 85 278 240 353 260 164 43 377 134 313 352 216 216 55 106 307 282 199 175 258 274 198 308 318 370 244 404 273 302 332 275 199 73 138 30 296 277 314 293 136 147 86 299 318 336 258 270 209 262 130 183 234 293 173 175 217 283 321 103 162 78 18 139 45
