0 273 226 161 215 1 0 1 125 212 0 32 0 199 153 0 0 321 46 140 84 308 176 0 264 163 112 16 0 2 234 2 1 235 198 0 50 332 322 246 79 156 263 278 6 0 94 136 5 48 0 245 298 153 185 163 0 1 67 0 40 208 0 0 0 73 357 215 192 0 17 17 175 282 1 102 264 148
0 121 134 57 111 1 0 1 56 90 0 35 0 115 37 0 0 133 41 73 19 173 68 1 140 109 56 8 0 2 92 1 0 102 111 0 49 131 146 126 52 87 100 129 6 0 22 52 4 37 0 122 130 87 75 32 0 0 56 0 39 107 1 0 0 48 154 81 90 0 2 2 71 117 0 27 137 24
0 132 124 55 101 1 0 1 53 68 0 19 0 114 41 1 0 163 21 73 14 167 61 0 144 85 62 8 0 3 100 1 0 111 113 0 27 123 163 119 26 83 127 156 4 0 37 57 2 34 0 138 141 64 89 41 2 1 34 0 25 113 1 1 1 20 142 80 90 0 0 0 96 122 0 16 124 25
0 138 134 83 138 3 0 2 54 103 1 63 2 130 42 0 0 155 78 96 21 178 59 0 156 113 76 26 0 30 112 0 0 127 121 1 115 147 194 127 151 84 126 144 14 0 30 67 5 61 0 164 143 86 88 47 0 3 125 0 66 113 2 0 0 97 137 101 97 1 0 0 85 139 0 23 135 45
0 143 125 74 106 1 0 0 62 87 0 78 2 93 49 0 0 151 51 57 17 136 54 0 133 83 66 27 0 7 91 0 0 115 96 0 103 144 159 97 150 76 131 142 8 2 34 63 13 56 0 146 117 86 73 46 0 1 111 0 51 103 0 0 0 106 147 78 76 0 1 1 86 122 0 22 122 39
0 135 101 55 84 0 0 0 31 75 0 79 0 100 36 0 0 112 96 72 17 141 46 1 121 72 53 29 0 0 98 1 0 93 86 0 99 125 145 81 151 61 103 132 1 0 31 45 9 105 0 106 98 79 53 35 0 0 119 1 90 156 0 0 1 107 107 83 71 0 0 0 65 110 1 15 112 40
0 140 149 70 121 0 0 1 53 101 0 76 1 136 48 1 0 174 126 74 14 146 68 1 141 73 80 30 0 0 115 0 0 111 115 0 125 162 184 120 169 80 149 139 1 0 30 68 20 38 0 114 149 85 98 34 0 0 133 0 36 105 1 1 1 120 156 82 98 1 3 2 98 151 0 23 141 46
0 103 113 56 104 0 0 0 47 94 0 91 1 107 39 2 0 154 140 66 19 142 46 1 153 98 73 39 0 0 98 0 0 120 110 1 113 164 157 111 154 71 128 123 0 0 40 60 18 113 0 121 125 72 78 43 1 1 145 0 95 100 0 0 0 127 153 69 108 0 6 5 82 147 1 22 147 43
259 317 253 157 241 80 245 218 167 218 255 144 271 290 153 305 202 348 282 168 90 365 182 250 308 182 137 94 76 299 255 253 310 261 288 198 307 386 337 277 357 182 251 304 365 184 132 186 69 285 266 328 295 191 190 184 308 217 364 278 297 204 232 263 186 252 376 259 231 205 1 0 209 348 242 111 324 169
135 153 134 71 138 24 122 133 69 111 180 80 145 127 55 164 119 207 143 72 18 201 68 165 160 109 92 30 13 142 114 110 112 133 112 110 119 184 166 128 189 96 146 153 150 96 43 63 16 132 160 154 147 111 118 49 166 117 150 179 138 129 125 82 78 143 164 107 77 94 1 1 95 161 122 30 190 42
143 132 113 69 131 18 95 146 52 94 159 92 158 100 51 159 90 200 134 80 27 157 72 151 169 93 72 27 21 135 124 82 91 112 108 88 138 180 172 140 177 88 156 138 150 92 29 61 15 128 141 136 161 93 81 47 131 99 142 132 146 94 138 72 69 114 136 98 87 90 0 0 84 156 85 28 169 37
83 131 117 60 121 22 87 92 58 95 141 64 135 82 38 112 75 147 101 65 19 122 53 121 158 70 65 25 22 134 89 74 89 105 113 91 138 135 140 96 161 63 117 119 108 91 35 56 6 96 105 126 134 69 74 39 120 81 105 140 101 79 106 58 73 131 143 66 84 74 4 5 91 132 74 23 120 32
94 127 116 71 94 22 117 96 47 84 129 89 127 129 35 148 72 145 141 63 18 141 50 128 143 84 64 25 10 115 105 65 86 99 74 87 116 166 199 121 158 80 121 115 123 91 31 43 12 101 98 121 110 75 82 47 154 87 148 137 85 88 120 66 78 110 145 84 81 96 1 1 86 129 80 28 119 36
86 127 110 53 114 20 79 91 62 77 98 88 136 114 36 143 62 147 131 58 23 138 55 134 136 87 61 35 9 109 114 113 102 130 106 92 127 158 176 110 172 83 130 129 144 83 44 56 12 120 115 133 131 76 70 38 120 68 138 100 100 68 110 73 71 130 160 85 84 88 0 0 96 144 81 26 139 37
113 160 141 54 114 35 120 121 52 107 167 98 170 146 52 145 89 197 150 101 22 171 63 148 177 97 93 31 6 144 125 101 116 133 125 105 165 174 177 136 225 92 149 133 150 97 38 58 11 136 150 159 148 86 89 38 171 85 178 165 140 96 134 77 86 132 177 83 84 96 3 3 99 171 112 16 150 65
108 126 119 62 97 24 121 101 47 77 158 64 123 111 35 121 99 143 113 64 13 123 55 130 146 81 52 27 8 141 102 82 78 94 107 71 116 149 152 116 152 92 146 106 107 86 24 56 12 101 121 107 125 75 68 34 130 137 133 119 126 81 96 71 74 117 117 55 73 89 3 3 81 135 75 34 125 49
112 143 119 68 127 14 114 106 58 107 165 79 150 123 43 133 65 186 118 69 24 165 65 136 169 88 77 32 12 160 143 91 84 124 139 107 131 178 193 136 188 90 153 121 123 82 23 83 19 137 149 139 155 88 108 40 173 107 174 100 142 77 112 69 83 128 138 66 88 101 0 1 80 163 102 22 160 39
96 140 129 59 123 22 92 141 57 105 169 98 132 135 59 139 100 154 122 99 17 166 64 173 160 97 78 34 15 144 101 115 96 127 136 95 139 153 179 115 190 66 129 158 138 111 39 57 9 137 136 136 145 90 92 41 189 99 168 153 118 111 132 96 83 119 153 93 101 97 2 3 106 124 97 21 166 38
91 139 127 67 109 18 83 106 62 83 133 77 144 103 39 124 85 153 133 65 26 157 55 147 164 85 64 29 0 133 104 67 70 106 98 87 127 175 149 114 178 78 152 119 112 79 20 61 15 111 108 124 146 93 86 31 131 89 127 128 119 88 111 72 74 112 121 89 60 106 3 2 82 163 75 23 129 31
112 137 136 67 118 21 131 135 55 100 155 84 162 115 45 155 115 185 142 71 25 192 57 158 191 90 78 23 15 147 132 104 71 112 134 94 153 151 173 108 209 81 154 169 134 83 34 63 13 139 129 145 152 52 72 48 138 116 157 128 122 93 114 65 83 114 146 76 84 109 3 3 103 162 78 18 136 45
